DateTimeStamp, RoadwayID, SegmentID, Lane, Speed, Volume, Volume1, Volume2, Volume3, Volume4, Volume5, Volume6, Occupancy, Poll_Count, Failure
10/1/2025 12:00:00 AM, 326, 2, 3, 71, 77, 0, 62, 13, 2, 0, 0, 1, 15, 0, 
10/1/2025 12:15:00 AM, 326, 2, 3, 70, 63, 0, 36, 23, 4, 0, 0, 1, 13, 0, 
10/1/2025 12:30:00 AM, 326, 2, 3, 72, 89, 2, 63, 22, 2, 2, 0, 2, 15, 0, 
10/1/2025 12:45:00 AM, 326, 2, 3, 73, 77, 0, 51, 18, 6, 0, 0, 1, 15, 0, 
10/1/2025 1:00:00 AM, 326, 2, 3, 72, 37, 0, 28, 7, 0, 2, 0, 0, 15, 0, 
10/1/2025 1:15:00 AM, 326, 2, 3, 71, 45, 0, 30, 11, 4, 0, 0, 0, 15, 0, 
10/1/2025 1:30:00 AM, 326, 2, 3, 72, 33, 0, 17, 14, 2, 0, 0, 0, 13, 0, 
10/1/2025 1:45:00 AM, 326, 2, 3, 76, 25, 0, 15, 10, 0, 0, 0, 0, 15, 0, 
10/1/2025 2:00:00 AM, 326, 2, 3, 69, 32, 2, 22, 8, 0, 2, 0, 0, 15, 0, 
10/1/2025 2:15:00 AM, 326, 2, 3, 70, 40, 0, 24, 12, 4, 0, 0, 0, 15, 0, 
10/1/2025 2:30:00 AM, 326, 2, 3, 72, 41, 0, 24, 12, 3, 0, 0, 0, 13, 0, 
10/1/2025 3:00:00 AM, 326, 2, 3, 70, 13, 1, 5, 5, 2, 0, 0, 1, 7, 0, 
10/1/2025 3:15:00 AM, 326, 2, 3, 69, 16, 0, 9, 4, 3, 0, 0, 0, 13, 0, 
10/1/2025 3:30:00 AM, 326, 2, 3, 73, 20, 0, 11, 6, 3, 0, 0, 0, 15, 0, 
10/1/2025 3:45:00 AM, 326, 2, 3, 72, 47, 0, 28, 13, 6, 0, 0, 1, 15, 0, 
10/1/2025 4:00:00 AM, 326, 2, 3, 73, 38, 0, 33, 3, 0, 0, 0, 0, 15, 0, 
10/1/2025 4:15:00 AM, 326, 2, 3, 75, 30, 0, 21, 5, 2, 2, 0, 0, 13, 0, 
10/1/2025 4:30:00 AM, 326, 2, 3, 73, 49, 0, 25, 17, 7, 0, 0, 1, 15, 0, 
10/1/2025 4:45:00 AM, 326, 2, 3, 70, 77, 6, 37, 23, 7, 2, 0, 4, 15, 0, 
10/1/2025 5:00:00 AM, 326, 2, 3, 74, 81, 0, 41, 32, 6, 4, 0, 2, 15, 0, 
10/1/2025 5:15:00 AM, 326, 2, 3, 71, 93, 2, 47, 38, 8, 2, 0, 2, 15, 0, 
10/1/2025 5:30:00 AM, 326, 2, 3, 73, 128, 2, 84, 26, 14, 4, 0, 3, 15, 0, 
10/1/2025 5:45:00 AM, 326, 2, 3, 70, 242, 6, 142, 60, 28, 10, 0, 7, 15, 0, 
10/1/2025 6:00:00 AM, 326, 2, 3, 71, 251, 4, 136, 77, 26, 12, 0, 6, 15, 0, 
10/1/2025 6:15:00 AM, 326, 2, 3, 69, 255, 2, 150, 65, 22, 8, 2, 7, 15, 0, 
10/1/2025 6:30:00 AM, 326, 2, 3, 69, 335, 8, 187, 74, 34, 16, 1, 11, 15, 0, 
10/1/2025 6:45:00 AM, 326, 2, 3, 70, 323, 6, 177, 74, 40, 18, 7, 9, 15, 0, 
10/1/2025 7:00:00 AM, 326, 2, 3, 69, 419, 12, 200, 86, 55, 30, 8, 12, 15, 0, 
10/1/2025 7:15:01 AM, 326, 2, 3, 69, 291, 10, 150, 64, 27, 28, 12, 11, 13, 0, 
10/1/2025 7:30:00 AM, 326, 2, 3, 70, 391, 22, 195, 93, 32, 18, 4, 11, 15, 0, 
10/1/2025 7:45:00 AM, 326, 2, 3, 69, 413, 14, 219, 71, 38, 28, 4, 12, 15, 0, 
10/1/2025 8:00:00 AM, 326, 2, 3, 69, 401, 8, 219, 76, 46, 15, 0, 12, 15, 0, 
10/1/2025 8:15:00 AM, 326, 2, 3, 69, 345, 6, 175, 66, 58, 29, 2, 10, 15, 0, 
10/1/2025 8:30:00 AM, 326, 2, 3, 70, 367, 14, 197, 89, 47, 10, 2, 10, 15, 0, 
10/1/2025 8:45:00 AM, 326, 2, 3, 69, 369, 6, 205, 79, 53, 16, 0, 11, 15, 0, 
10/1/2025 9:00:00 AM, 326, 2, 3, 68, 390, 8, 207, 96, 40, 4, 0, 11, 15, 0, 
10/1/2025 9:15:00 AM, 326, 2, 3, 70, 316, 6, 203, 44, 38, 8, 2, 8, 15, 0, 
10/1/2025 9:30:00 AM, 326, 2, 3, 70, 280, 9, 154, 84, 29, 6, 0, 7, 15, 0, 
10/1/2025 9:45:00 AM, 326, 2, 3, 69, 246, 3, 172, 58, 11, 4, 0, 6, 15, 0, 
10/1/2025 10:00:00 AM, 326, 2, 3, 69, 173, 6, 125, 33, 12, 6, 0, 6, 15, 0, 
10/1/2025 10:15:00 AM, 326, 2, 3, 71, 231, 8, 125, 63, 20, 8, 4, 9, 13, 0, 
10/1/2025 10:30:00 AM, 326, 2, 3, 72, 283, 4, 175, 56, 25, 19, 0, 9, 15, 0, 
10/1/2025 10:45:00 AM, 326, 2, 3, 70, 271, 2, 147, 76, 23, 15, 0, 7, 15, 0, 
10/1/2025 11:00:00 AM, 326, 2, 3, 71, 298, 10, 161, 82, 35, 4, 2, 9, 15, 0, 
10/1/2025 11:15:00 AM, 326, 2, 3, 71, 250, 12, 153, 54, 19, 10, 0, 6, 15, 0, 
10/1/2025 11:30:00 AM, 326, 2, 3, 72, 193, 18, 119, 40, 12, 4, 0, 4, 15, 0, 
10/1/2025 11:45:00 AM, 326, 2, 3, 71, 235, 6, 89, 38, 42, 20, 28, 21, 15, 0, 
10/1/2025 12:00:00 PM, 326, 2, 3, 71, 303, 5, 196, 68, 34, 0, 0, 9, 15, 0, 
10/1/2025 12:15:00 PM, 326, 2, 3, 69, 253, 3, 134, 78, 30, 4, 2, 9, 13, 0, 
10/1/2025 12:30:00 PM, 326, 2, 3, 70, 321, 6, 161, 85, 55, 11, 0, 9, 15, 0, 
10/1/2025 12:45:00 PM, 326, 2, 3, 68, 335, 10, 179, 71, 59, 11, 2, 11, 15, 0, 
10/1/2025 1:00:00 PM, 326, 2, 3, 69, 328, 6, 175, 75, 47, 14, 4, 9, 15, 0, 
10/1/2025 1:15:00 PM, 326, 2, 3, 72, 306, 4, 163, 87, 37, 16, 2, 8, 15, 0, 
10/1/2025 1:30:00 PM, 326, 2, 3, 70, 292, 2, 167, 69, 36, 14, 6, 9, 15, 0, 
10/1/2025 1:45:00 PM, 326, 2, 3, 70, 352, 10, 175, 83, 56, 16, 2, 10, 15, 0, 
10/1/2025 2:00:00 PM, 326, 2, 3, 68, 329, 6, 169, 89, 43, 12, 0, 11, 15, 0, 
10/1/2025 2:15:00 PM, 326, 2, 3, 71, 353, 2, 179, 91, 47, 18, 2, 9, 15, 0, 
10/1/2025 2:30:00 PM, 326, 2, 3, 70, 332, 10, 167, 95, 46, 12, 0, 10, 13, 0, 
10/1/2025 2:45:00 PM, 326, 2, 3, 69, 394, 6, 199, 111, 44, 18, 2, 11, 15, 0, 
10/1/2025 3:00:00 PM, 326, 2, 3, 70, 413, 4, 215, 90, 50, 20, 0, 11, 15, 0, 
10/1/2025 3:15:00 PM, 326, 2, 3, 70, 461, 6, 219, 116, 64, 22, 0, 13, 15, 0, 
10/1/2025 3:30:00 PM, 326, 2, 3, 68, 443, 6, 223, 130, 60, 5, 1, 13, 15, 0, 
10/1/2025 3:45:00 PM, 326, 2, 3, 66, 437, 4, 217, 120, 58, 17, 1, 14, 15, 0, 
10/1/2025 4:00:00 PM, 326, 2, 3, 68, 483, 9, 225, 130, 58, 17, 2, 14, 15, 0, 
10/1/2025 4:15:00 PM, 326, 2, 3, 66, 537, 9, 223, 142, 76, 29, 2, 16, 15, 0, 
10/1/2025 4:30:00 PM, 326, 2, 3, 64, 363, 40, 184, 76, 27, 17, 0, 13, 13, 0, 
10/1/2025 4:45:00 PM, 326, 2, 3, 62, 215, 22, 138, 44, 13, 3, 4, 6, 15, 0, 
10/1/2025 5:00:00 PM, 326, 2, 3, 61, 194, 32, 117, 34, 10, 4, 0, 6, 15, 0, 
10/1/2025 5:15:00 PM, 326, 2, 3, 62, 254, 52, 135, 52, 10, 4, 0, 6, 15, 0, 
10/1/2025 5:30:00 PM, 326, 2, 3, 41, 212, 46, 91, 43, 29, 6, 0, 12, 13, 0, 
10/1/2025 5:45:00 PM, 326, 2, 3, 38, 198, 34, 105, 35, 23, 0, 2, 11, 15, 0, 
10/1/2025 6:00:00 PM, 326, 2, 3, 62, 200, 26, 121, 33, 17, 0, 2, 5, 15, 0, 
10/1/2025 6:15:00 PM, 326, 2, 3, 64, 186, 36, 97, 33, 11, 2, 6, 7, 15, 0, 
10/1/2025 6:30:00 PM, 326, 2, 3, 60, 178, 19, 101, 31, 13, 6, 0, 4, 15, 0, 
10/1/2025 6:45:00 PM, 326, 2, 3, 67, 308, 17, 165, 99, 23, 2, 0, 8, 15, 0, 
10/1/2025 7:00:00 PM, 326, 2, 3, 69, 287, 6, 152, 85, 29, 8, 0, 8, 15, 0, 
10/1/2025 7:15:00 PM, 326, 2, 3, 70, 247, 0, 164, 57, 27, 0, 0, 6, 15, 0, 
10/1/2025 7:30:00 PM, 326, 2, 3, 69, 304, 8, 191, 81, 16, 4, 0, 8, 15, 0, 
10/1/2025 7:45:00 PM, 326, 2, 3, 70, 244, 4, 169, 49, 14, 2, 0, 7, 15, 0, 
10/1/2025 8:00:00 PM, 326, 2, 3, 70, 226, 6, 162, 46, 14, 0, 0, 5, 15, 0, 
10/1/2025 8:15:00 PM, 326, 2, 3, 71, 228, 6, 152, 52, 6, 4, 0, 5, 15, 0, 
10/1/2025 8:30:00 PM, 326, 2, 3, 72, 261, 0, 184, 50, 19, 2, 0, 6, 15, 0, 
10/1/2025 8:45:00 PM, 326, 2, 3, 72, 213, 2, 142, 38, 17, 4, 2, 6, 15, 0, 
10/1/2025 9:00:00 PM, 326, 2, 3, 71, 215, 6, 144, 45, 12, 4, 0, 6, 15, 0, 
10/1/2025 9:15:00 PM, 326, 2, 3, 71, 215, 4, 162, 37, 14, 0, 0, 5, 15, 0, 
10/1/2025 9:30:00 PM, 326, 2, 3, 72, 175, 6, 127, 23, 15, 2, 0, 4, 13, 0, 
10/1/2025 9:45:00 PM, 326, 2, 3, 72, 211, 4, 145, 47, 13, 2, 0, 4, 15, 0, 
10/1/2025 10:00:00 PM, 326, 2, 3, 71, 149, 2, 108, 24, 11, 2, 0, 3, 15, 0, 
10/1/2025 10:15:00 PM, 326, 2, 3, 70, 173, 2, 126, 38, 7, 0, 0, 4, 15, 0, 
10/1/2025 10:30:00 PM, 326, 2, 3, 72, 174, 4, 120, 34, 13, 2, 0, 3, 15, 0, 
10/1/2025 10:45:00 PM, 326, 2, 3, 73, 140, 2, 90, 34, 9, 2, 0, 3, 15, 0, 
10/1/2025 11:00:00 PM, 326, 2, 3, 74, 141, 0, 104, 27, 10, 0, 0, 3, 15, 0, 
10/1/2025 11:15:00 PM, 326, 2, 3, 71, 145, 2, 102, 33, 10, 0, 0, 3, 15, 0, 
10/1/2025 11:30:00 PM, 326, 2, 3, 72, 129, 0, 96, 23, 7, 0, 2, 3, 15, 0, 
10/1/2025 11:45:00 PM, 326, 2, 3, 71, 115, 0, 84, 25, 5, 0, 0, 4, 15, 0, 
10/2/2025 12:00:00 AM, 326, 2, 3, 73, 86, 2, 60, 16, 10, 2, 0, 2, 15, 0, 
10/2/2025 12:15:00 AM, 326, 2, 3, 72, 72, 4, 48, 12, 6, 2, 0, 1, 15, 0, 
10/2/2025 12:30:00 AM, 326, 2, 3, 73, 68, 4, 53, 14, 1, 0, 0, 1, 13, 0, 
10/2/2025 12:45:00 AM, 326, 2, 3, 74, 50, 0, 43, 6, 1, 0, 0, 1, 15, 0, 
10/2/2025 1:00:00 AM, 326, 2, 3, 72, 46, 0, 35, 9, 2, 0, 2, 11, 15, 0, 
10/2/2025 1:15:00 AM, 326, 2, 3, 72, 44, 0, 31, 9, 4, 0, 0, 0, 15, 0, 
10/2/2025 1:30:00 AM, 326, 2, 3, 76, 42, 0, 28, 16, 0, 0, 0, 1, 13, 0, 
10/2/2025 1:45:00 AM, 326, 2, 3, 71, 28, 0, 22, 8, 0, 0, 0, 0, 15, 0, 
10/2/2025 2:00:00 AM, 326, 2, 3, 70, 36, 3, 25, 6, 4, 0, 0, 0, 15, 0, 
10/2/2025 2:15:01 AM, 326, 2, 3, 73, 32, 1, 25, 6, 0, 0, 0, 0, 15, 0, 
10/2/2025 2:30:00 AM, 326, 2, 3, 71, 38, 0, 26, 8, 0, 2, 0, 0, 15, 0, 
10/2/2025 3:00:00 AM, 326, 2, 3, 71, 13, 0, 10, 5, 0, 0, 0, 0, 7, 0, 
10/2/2025 3:15:00 AM, 326, 2, 3, 73, 27, 0, 19, 8, 2, 0, 0, 0, 15, 0, 
10/2/2025 3:30:00 AM, 326, 2, 3, 78, 33, 0, 25, 8, 0, 0, 0, 0, 13, 0, 
10/2/2025 3:45:00 AM, 326, 2, 3, 77, 25, 0, 20, 5, 0, 0, 0, 0, 13, 2, 
10/2/2025 4:00:00 AM, 326, 2, 3, 73, 51, 2, 31, 16, 4, 0, 0, 1, 15, 0, 
10/2/2025 4:15:00 AM, 326, 2, 3, 71, 37, 0, 23, 12, 2, 0, 0, 0, 15, 0, 
10/2/2025 4:30:00 AM, 326, 2, 3, 73, 42, 1, 22, 10, 7, 0, 0, 1, 13, 0, 
10/2/2025 4:45:00 AM, 326, 2, 3, 74, 82, 5, 56, 14, 5, 2, 2, 2, 15, 0, 
10/2/2025 5:00:00 AM, 326, 2, 3, 71, 95, 2, 56, 31, 4, 2, 0, 3, 15, 0, 
10/2/2025 5:15:00 AM, 326, 2, 3, 75, 81, 2, 36, 37, 4, 0, 2, 2, 15, 0, 
10/2/2025 5:30:00 AM, 326, 2, 3, 73, 124, 2, 68, 36, 13, 5, 0, 3, 13, 0, 
10/2/2025 5:45:00 AM, 326, 2, 3, 72, 222, 4, 130, 60, 25, 5, 0, 5, 15, 0, 
10/2/2025 6:00:00 AM, 326, 2, 3, 70, 269, 2, 144, 88, 25, 11, 0, 7, 15, 0, 
10/2/2025 6:15:00 AM, 326, 2, 3, 71, 265, 0, 136, 82, 31, 13, 0, 7, 15, 0, 
10/2/2025 6:30:00 AM, 326, 2, 3, 70, 286, 4, 159, 70, 31, 21, 0, 7, 15, 0, 
10/2/2025 6:45:00 AM, 326, 2, 3, 69, 348, 12, 163, 82, 41, 33, 10, 11, 15, 0, 
10/2/2025 7:00:00 AM, 326, 2, 3, 69, 346, 8, 183, 65, 68, 24, 2, 10, 15, 0, 
10/2/2025 7:15:00 AM, 326, 2, 3, 68, 362, 10, 197, 79, 50, 20, 0, 11, 15, 0, 
10/2/2025 7:30:00 AM, 326, 2, 3, 70, 352, 12, 170, 56, 60, 31, 3, 12, 13, 0, 
10/2/2025 7:45:00 AM, 326, 2, 3, 69, 428, 10, 216, 106, 38, 31, 1, 12, 15, 0, 
10/2/2025 8:00:00 AM, 326, 2, 3, 70, 406, 5, 208, 82, 65, 9, 4, 11, 15, 0, 
10/2/2025 8:15:00 AM, 326, 2, 3, 68, 374, 11, 200, 80, 45, 13, 2, 10, 15, 0, 
10/2/2025 8:30:00 AM, 326, 2, 3, 70, 329, 3, 181, 52, 53, 13, 0, 11, 13, 0, 
10/2/2025 8:45:00 AM, 326, 2, 3, 69, 393, 7, 219, 90, 37, 15, 0, 11, 15, 0, 
10/2/2025 9:00:01 AM, 326, 2, 3, 69, 383, 8, 201, 71, 39, 26, 0, 11, 15, 0, 
10/2/2025 9:15:00 AM, 326, 2, 3, 70, 253, 16, 145, 57, 15, 22, 0, 7, 15, 0, 
10/2/2025 9:30:00 AM, 326, 2, 3, 69, 230, 6, 168, 40, 10, 4, 2, 6, 14, 0, 
10/2/2025 9:45:00 AM, 326, 2, 3, 70, 156, 8, 90, 40, 16, 0, 0, 4, 14, 0, 
10/2/2025 10:00:00 AM, 326, 2, 3, 71, 257, 5, 136, 86, 22, 2, 0, 6, 15, 0, 
10/2/2025 10:15:00 AM, 326, 2, 3, 72, 183, 7, 104, 54, 16, 2, 0, 4, 15, 0, 
10/2/2025 10:30:00 AM, 326, 2, 3, 70, 280, 6, 156, 76, 40, 2, 0, 10, 15, 0, 
10/2/2025 10:45:00 AM, 326, 2, 3, 71, 242, 16, 136, 58, 18, 8, 0, 7, 13, 0, 
10/2/2025 11:00:00 AM, 326, 2, 3, 72, 243, 8, 153, 56, 18, 4, 0, 5, 15, 0, 
10/2/2025 11:15:00 AM, 326, 2, 3, 70, 229, 10, 123, 62, 22, 10, 4, 9, 15, 0, 
10/2/2025 11:30:00 AM, 326, 2, 3, 71, 272, 2, 153, 80, 17, 20, 2, 7, 15, 0, 
10/2/2025 11:45:00 AM, 326, 2, 3, 72, 268, 0, 149, 72, 43, 14, 0, 7, 15, 0, 
10/2/2025 12:00:00 PM, 326, 2, 3, 72, 280, 0, 143, 88, 41, 10, 0, 7, 15, 0, 
10/2/2025 12:15:00 PM, 326, 2, 3, 70, 262, 4, 167, 54, 27, 14, 0, 8, 15, 0, 
10/2/2025 12:30:00 PM, 326, 2, 3, 70, 289, 0, 163, 88, 31, 8, 0, 7, 15, 0, 
10/2/2025 12:45:00 PM, 326, 2, 3, 71, 245, 4, 143, 50, 35, 14, 2, 9, 13, 0, 
10/2/2025 1:00:00 PM, 326, 2, 3, 70, 334, 0, 184, 97, 41, 8, 2, 12, 15, 0, 
10/2/2025 1:15:00 PM, 326, 2, 3, 70, 340, 8, 196, 85, 41, 8, 0, 10, 15, 0, 
10/2/2025 1:30:00 PM, 326, 2, 3, 72, 271, 2, 149, 74, 33, 6, 0, 7, 15, 0, 
10/2/2025 1:45:00 PM, 326, 2, 3, 70, 337, 4, 191, 78, 45, 10, 2, 9, 15, 0, 
10/2/2025 2:00:00 PM, 326, 2, 3, 69, 339, 6, 185, 70, 38, 20, 0, 11, 15, 0, 
10/2/2025 2:15:00 PM, 326, 2, 3, 68, 395, 10, 203, 108, 46, 16, 0, 11, 15, 0, 
10/2/2025 2:30:00 PM, 326, 2, 3, 68, 427, 8, 207, 121, 64, 12, 0, 12, 15, 0, 
10/2/2025 2:45:00 PM, 326, 2, 3, 67, 343, 6, 183, 63, 54, 22, 2, 12, 13, 0, 
10/2/2025 3:00:00 PM, 326, 2, 3, 68, 440, 4, 209, 126, 56, 12, 0, 12, 15, 0, 
10/2/2025 3:15:00 PM, 326, 2, 3, 69, 386, 6, 193, 122, 44, 6, 0, 10, 15, 0, 
10/2/2025 3:30:00 PM, 326, 2, 3, 67, 442, 8, 223, 103, 51, 13, 4, 12, 15, 0, 
10/2/2025 3:45:00 PM, 326, 2, 3, 67, 432, 4, 211, 83, 55, 19, 0, 12, 15, 0, 
10/2/2025 4:00:00 PM, 326, 2, 3, 68, 457, 0, 223, 105, 50, 13, 4, 13, 15, 0, 
10/2/2025 4:15:00 PM, 326, 2, 3, 67, 457, 6, 217, 119, 60, 27, 0, 14, 15, 0, 
10/2/2025 4:30:00 PM, 326, 2, 3, 66, 500, 7, 225, 116, 40, 11, 0, 14, 15, 0, 
10/2/2025 4:45:00 PM, 326, 2, 3, 62, 424, 3, 189, 120, 48, 7, 2, 16, 13, 0, 
10/2/2025 5:00:00 PM, 326, 2, 3, 29, 381, 9, 131, 118, 84, 41, 7, 40, 15, 0, 
10/2/2025 5:15:00 PM, 326, 2, 3, 21, 317, 9, 125, 76, 82, 17, 9, 41, 15, 0, 
10/2/2025 5:30:00 PM, 326, 2, 3, 19, 299, 15, 145, 64, 48, 22, 6, 36, 15, 0, 
10/2/2025 5:45:00 PM, 326, 2, 3, 22, 259, 27, 103, 60, 46, 18, 6, 31, 13, 0, 
10/2/2025 6:00:00 PM, 326, 2, 3, 37, 277, 40, 124, 75, 29, 3, 8, 18, 15, 0, 
10/2/2025 6:15:00 PM, 326, 2, 3, 59, 261, 30, 138, 43, 31, 3, 18, 13, 15, 0, 
10/2/2025 6:30:00 PM, 326, 2, 3, 64, 332, 36, 189, 61, 25, 4, 0, 10, 15, 0, 
10/2/2025 6:45:00 PM, 326, 2, 3, 67, 266, 18, 135, 77, 13, 14, 0, 7, 15, 0, 
10/2/2025 7:00:00 PM, 326, 2, 3, 68, 226, 1, 109, 99, 15, 5, 0, 7, 13, 0, 
10/2/2025 7:15:00 PM, 326, 2, 3, 68, 298, 7, 187, 79, 21, 5, 4, 8, 15, 0, 
10/2/2025 7:30:00 PM, 326, 2, 3, 70, 263, 2, 164, 70, 17, 4, 0, 7, 15, 0, 
10/2/2025 7:45:00 PM, 326, 2, 3, 69, 295, 4, 198, 56, 17, 6, 2, 8, 15, 0, 
10/2/2025 8:00:00 PM, 326, 2, 3, 71, 212, 2, 159, 31, 13, 2, 2, 6, 13, 0, 
10/2/2025 8:15:00 PM, 326, 2, 3, 69, 212, 6, 143, 29, 29, 4, 0, 8, 15, 0, 
10/2/2025 8:30:00 PM, 326, 2, 3, 71, 239, 2, 182, 48, 6, 3, 0, 7, 15, 0, 
10/2/2025 8:45:00 PM, 326, 2, 3, 71, 227, 4, 164, 30, 18, 11, 0, 7, 15, 0, 
10/2/2025 9:00:00 PM, 326, 2, 3, 71, 140, 2, 108, 36, 0, 0, 0, 6, 13, 0, 
10/2/2025 9:15:00 PM, 326, 2, 3, 70, 190, 2, 138, 32, 6, 0, 0, 4, 15, 0, 
10/2/2025 9:30:00 PM, 326, 2, 3, 70, 201, 8, 143, 35, 16, 4, 0, 4, 15, 0, 
10/2/2025 9:45:00 PM, 326, 2, 3, 70, 147, 0, 121, 25, 6, 0, 0, 5, 15, 0, 
10/2/2025 10:00:00 PM, 326, 2, 3, 71, 142, 2, 112, 22, 8, 0, 0, 3, 13, 0, 
10/2/2025 10:15:00 PM, 326, 2, 3, 73, 156, 0, 104, 32, 16, 4, 0, 4, 15, 0, 
10/2/2025 10:30:00 PM, 326, 2, 3, 72, 176, 2, 100, 53, 16, 2, 0, 4, 15, 0, 
10/2/2025 10:45:00 PM, 326, 2, 3, 72, 184, 2, 136, 41, 8, 0, 0, 4, 15, 0, 
10/2/2025 11:00:00 PM, 326, 2, 3, 70, 146, 1, 94, 39, 10, 0, 0, 4, 15, 0, 
10/2/2025 11:15:00 PM, 326, 2, 3, 70, 128, 1, 72, 41, 14, 0, 0, 3, 15, 0, 
10/2/2025 11:30:00 PM, 326, 2, 3, 70, 129, 2, 84, 26, 17, 2, 0, 4, 15, 0, 
10/2/2025 11:45:00 PM, 326, 2, 3, 71, 121, 4, 72, 30, 7, 6, 0, 2, 15, 0, 
10/3/2025 12:00:00 AM, 326, 2, 3, 73, 120, 4, 90, 20, 6, 0, 0, 2, 15, 0, 
10/3/2025 12:15:00 AM, 326, 2, 3, 71, 94, 2, 56, 22, 10, 4, 0, 2, 15, 0, 
10/3/2025 12:30:00 AM, 326, 2, 3, 72, 108, 2, 81, 19, 8, 2, 0, 2, 15, 0, 
10/3/2025 12:45:00 AM, 326, 2, 3, 73, 76, 2, 55, 19, 0, 0, 0, 1, 15, 0, 
10/3/2025 1:00:00 AM, 326, 2, 3, 74, 75, 0, 50, 15, 10, 0, 0, 1, 15, 0, 
10/3/2025 1:15:00 AM, 326, 2, 3, 72, 27, 0, 12, 13, 0, 0, 0, 0, 13, 0, 
10/3/2025 1:30:00 AM, 326, 2, 3, 71, 71, 2, 45, 22, 2, 0, 0, 1, 15, 0, 
10/3/2025 1:45:00 AM, 326, 2, 3, 69, 53, 4, 31, 14, 4, 0, 0, 3, 15, 0, 
10/3/2025 2:00:00 AM, 326, 2, 3, 74, 41, 0, 30, 5, 4, 2, 0, 0, 15, 0, 
10/3/2025 2:15:00 AM, 326, 2, 3, 72, 45, 0, 34, 9, 4, 0, 0, 0, 15, 0, 
10/3/2025 2:30:01 AM, 326, 2, 3, 70, 45, 0, 27, 12, 2, 4, 0, 0, 15, 0, 
10/3/2025 3:00:00 AM, 326, 2, 3, 70, 9, 0, 9, 0, 0, 0, 0, 0, 7, 0, 
10/3/2025 3:15:00 AM, 326, 2, 3, 73, 32, 0, 19, 9, 6, 0, 0, 0, 15, 0, 
10/3/2025 3:30:00 AM, 326, 2, 3, 69, 44, 2, 29, 11, 6, 0, 0, 1, 15, 0, 
10/3/2025 3:45:00 AM, 326, 2, 3, 66, 43, 0, 29, 10, 4, 0, 0, 1, 15, 0, 
10/3/2025 4:00:00 AM, 326, 2, 3, 71, 60, 0, 46, 8, 2, 2, 0, 4, 13, 0, 
10/3/2025 4:15:00 AM, 326, 2, 3, 72, 42, 0, 30, 8, 2, 2, 0, 1, 15, 0, 
10/3/2025 4:30:00 AM, 326, 2, 3, 71, 47, 4, 31, 10, 2, 0, 0, 1, 15, 0, 
10/3/2025 4:45:00 AM, 326, 2, 3, 72, 77, 0, 51, 24, 4, 0, 0, 1, 15, 0, 
10/3/2025 5:00:01 AM, 326, 2, 3, 73, 89, 0, 50, 35, 2, 2, 0, 1, 15, 0, 
10/3/2025 5:15:00 AM, 326, 2, 3, 73, 73, 0, 56, 11, 4, 4, 0, 1, 15, 0, 
10/3/2025 5:30:00 AM, 326, 2, 3, 73, 127, 0, 68, 47, 7, 5, 0, 6, 15, 0, 
10/3/2025 5:45:00 AM, 326, 2, 3, 70, 177, 4, 122, 33, 13, 5, 0, 4, 15, 0, 
10/3/2025 6:00:00 AM, 326, 2, 3, 70, 229, 2, 139, 61, 22, 8, 0, 7, 13, 0, 
10/3/2025 6:15:00 AM, 326, 2, 3, 71, 203, 6, 123, 59, 16, 4, 2, 5, 15, 0, 
10/3/2025 6:30:00 AM, 326, 2, 3, 69, 297, 4, 175, 60, 38, 8, 0, 8, 15, 0, 
10/3/2025 6:45:00 AM, 326, 2, 3, 69, 321, 14, 193, 66, 34, 4, 0, 9, 15, 0, 
10/3/2025 7:00:00 AM, 326, 2, 3, 69, 351, 4, 183, 84, 49, 16, 0, 12, 13, 0, 
10/3/2025 7:15:00 AM, 326, 2, 3, 69, 367, 12, 173, 106, 47, 18, 4, 10, 15, 0, 
10/3/2025 7:30:00 AM, 326, 2, 3, 70, 350, 4, 191, 85, 46, 19, 0, 9, 15, 0, 
10/3/2025 7:45:00 AM, 326, 2, 3, 69, 452, 10, 213, 93, 70, 17, 0, 13, 15, 0, 
10/3/2025 8:00:00 AM, 326, 2, 3, 68, 421, 8, 216, 90, 39, 21, 2, 12, 15, 0, 
10/3/2025 8:15:00 AM, 326, 2, 3, 69, 347, 8, 186, 94, 33, 21, 0, 10, 15, 0, 
10/3/2025 8:30:00 AM, 326, 2, 3, 69, 411, 5, 221, 120, 27, 14, 0, 12, 15, 0, 
10/3/2025 8:45:00 AM, 326, 2, 3, 67, 381, 11, 191, 98, 57, 16, 0, 11, 15, 0, 
10/3/2025 9:00:00 AM, 326, 2, 3, 68, 288, 7, 180, 66, 21, 11, 0, 8, 13, 0, 
10/3/2025 9:15:00 AM, 326, 2, 3, 63, 274, 7, 160, 56, 39, 11, 0, 9, 15, 0, 
10/3/2025 9:30:00 AM, 326, 2, 3, 67, 238, 8, 160, 43, 21, 8, 0, 6, 15, 0, 
10/3/2025 9:45:00 AM, 326, 2, 3, 70, 184, 2, 114, 43, 17, 4, 0, 7, 15, 0, 
10/3/2025 10:00:00 AM, 326, 2, 3, 72, 196, 13, 121, 47, 15, 1, 0, 4, 15, 0, 
10/3/2025 10:15:00 AM, 326, 2, 3, 71, 200, 11, 127, 37, 17, 3, 0, 5, 15, 0, 
10/3/2025 10:30:00 AM, 326, 2, 3, 71, 239, 2, 153, 60, 13, 9, 0, 6, 15, 0, 
10/3/2025 10:45:00 AM, 326, 2, 3, 70, 263, 6, 149, 76, 35, 1, 0, 8, 15, 0, 
10/3/2025 11:00:00 AM, 326, 2, 3, 70, 215, 16, 112, 48, 18, 6, 2, 6, 13, 0, 
10/3/2025 11:15:00 AM, 326, 2, 3, 71, 201, 26, 76, 54, 40, 6, 6, 8, 15, 0, 
10/3/2025 11:30:00 AM, 326, 2, 3, 71, 264, 8, 164, 68, 18, 8, 0, 7, 15, 0, 
10/3/2025 11:45:00 AM, 326, 2, 3, 69, 270, 0, 158, 66, 26, 12, 2, 8, 15, 0, 
10/3/2025 12:00:00 PM, 326, 2, 3, 70, 242, 2, 153, 51, 17, 16, 2, 7, 13, 0, 
10/3/2025 12:15:01 PM, 326, 2, 3, 69, 320, 2, 171, 87, 35, 18, 0, 10, 15, 0, 
10/3/2025 12:30:00 PM, 326, 2, 3, 69, 332, 8, 164, 100, 50, 4, 1, 10, 15, 0, 
10/3/2025 12:45:00 PM, 326, 2, 3, 70, 328, 10, 188, 66, 38, 20, 3, 9, 15, 0, 
10/3/2025 1:00:00 PM, 326, 2, 3, 70, 290, 2, 140, 73, 54, 25, 2, 10, 13, 0, 
10/3/2025 1:15:00 PM, 326, 2, 3, 69, 304, 6, 162, 63, 54, 15, 2, 13, 15, 0, 
10/3/2025 1:30:00 PM, 326, 2, 3, 69, 370, 6, 193, 92, 49, 19, 3, 11, 15, 0, 
10/3/2025 1:45:00 PM, 326, 2, 3, 68, 316, 2, 169, 70, 39, 17, 1, 10, 15, 0, 
10/3/2025 2:00:00 PM, 326, 2, 3, 69, 400, 8, 195, 116, 57, 20, 0, 11, 15, 0, 
10/3/2025 2:15:00 PM, 326, 2, 3, 68, 338, 4, 163, 90, 59, 12, 0, 11, 15, 0, 
10/3/2025 2:30:00 PM, 326, 2, 3, 69, 398, 2, 207, 77, 69, 18, 3, 11, 15, 0, 
10/3/2025 2:45:00 PM, 326, 2, 3, 67, 382, 10, 203, 93, 31, 12, 3, 12, 15, 0, 
10/3/2025 3:00:00 PM, 326, 2, 3, 67, 416, 13, 219, 88, 23, 21, 0, 11, 15, 0, 
10/3/2025 3:15:00 PM, 326, 2, 3, 67, 326, 13, 189, 62, 31, 11, 2, 11, 13, 0, 
10/3/2025 3:30:00 PM, 326, 2, 3, 67, 387, 5, 199, 100, 57, 13, 2, 11, 15, 0, 
10/3/2025 3:45:00 PM, 326, 2, 3, 63, 371, 21, 191, 68, 51, 11, 0, 11, 15, 0, 
10/3/2025 4:00:00 PM, 326, 2, 3, 66, 309, 30, 170, 74, 18, 11, 2, 9, 15, 0, 
10/3/2025 4:15:00 PM, 326, 2, 3, 65, 391, 24, 194, 78, 26, 5, 0, 12, 13, 0, 
10/3/2025 4:30:00 PM, 326, 2, 3, 63, 424, 24, 225, 87, 37, 10, 0, 12, 15, 0, 
10/3/2025 4:45:00 PM, 326, 2, 3, 65, 406, 26, 217, 83, 47, 10, 2, 12, 15, 0, 
10/3/2025 5:00:00 PM, 326, 2, 3, 63, 379, 13, 201, 84, 23, 10, 6, 13, 15, 0, 
10/3/2025 5:15:00 PM, 326, 2, 3, 64, 257, 15, 149, 62, 9, 2, 2, 8, 13, 0, 
10/3/2025 5:30:00 PM, 326, 2, 3, 63, 351, 25, 184, 85, 24, 14, 0, 10, 15, 0, 
10/3/2025 5:45:00 PM, 326, 2, 3, 63, 193, 7, 108, 53, 22, 2, 4, 13, 15, 0, 
10/3/2025 6:00:00 PM, 326, 2, 3, 60, 188, 11, 107, 46, 11, 6, 6, 6, 15, 0, 
10/3/2025 6:15:00 PM, 326, 2, 3, 63, 186, 15, 113, 38, 11, 6, 0, 5, 15, 0, 
10/3/2025 6:30:00 PM, 326, 2, 3, 64, 381, 2, 205, 81, 44, 30, 5, 13, 15, 0, 
10/3/2025 6:45:00 PM, 326, 2, 3, 66, 353, 0, 211, 69, 34, 6, 1, 10, 15, 0, 
10/3/2025 7:00:00 PM, 326, 2, 3, 67, 343, 1, 197, 98, 29, 8, 0, 11, 15, 0, 
10/3/2025 7:15:00 PM, 326, 2, 3, 67, 237, 3, 141, 66, 21, 6, 0, 7, 13, 0, 
10/3/2025 7:30:00 PM, 326, 2, 3, 66, 316, 12, 203, 74, 11, 4, 0, 8, 15, 0, 
10/3/2025 7:45:00 PM, 326, 2, 3, 67, 264, 4, 175, 50, 21, 4, 0, 7, 15, 0, 
10/3/2025 8:00:00 PM, 326, 2, 3, 70, 263, 0, 185, 37, 32, 7, 0, 7, 15, 0, 
10/3/2025 8:15:00 PM, 326, 2, 3, 68, 273, 2, 165, 45, 40, 11, 4, 8, 15, 0, 
10/3/2025 8:30:00 PM, 326, 2, 3, 69, 315, 10, 195, 66, 28, 1, 2, 8, 15, 0, 
10/3/2025 8:45:00 PM, 326, 2, 3, 70, 271, 2, 165, 46, 38, 13, 0, 7, 15, 0, 
10/3/2025 9:00:00 PM, 326, 2, 3, 70, 243, 2, 163, 58, 16, 0, 2, 6, 15, 0, 
10/3/2025 9:15:00 PM, 326, 2, 3, 69, 279, 8, 173, 64, 20, 4, 0, 7, 15, 0, 
10/3/2025 9:30:00 PM, 326, 2, 3, 70, 266, 2, 177, 43, 29, 11, 0, 7, 15, 0, 
10/3/2025 9:45:00 PM, 326, 2, 3, 69, 276, 2, 179, 57, 25, 7, 2, 7, 15, 0, 
10/3/2025 10:00:00 PM, 326, 2, 3, 71, 231, 6, 163, 41, 17, 7, 0, 6, 15, 0, 
10/3/2025 10:15:00 PM, 326, 2, 3, 70, 273, 2, 169, 71, 23, 5, 0, 6, 15, 0, 
10/3/2025 10:30:00 PM, 326, 2, 3, 70, 206, 6, 122, 46, 19, 7, 0, 6, 13, 0, 
10/3/2025 10:45:00 PM, 326, 2, 3, 71, 240, 0, 162, 66, 15, 5, 0, 5, 15, 0, 
10/3/2025 11:00:00 PM, 326, 2, 3, 68, 230, 6, 149, 53, 22, 2, 0, 6, 15, 0, 
10/3/2025 11:15:00 PM, 326, 2, 3, 71, 196, 2, 139, 35, 16, 6, 0, 5, 15, 0, 
10/3/2025 11:30:00 PM, 326, 2, 3, 70, 167, 2, 115, 35, 12, 1, 0, 6, 13, 0, 
10/3/2025 11:45:00 PM, 326, 2, 3, 72, 221, 0, 131, 67, 18, 3, 0, 5, 15, 0, 
10/4/2025 12:00:00 AM, 326, 2, 3, 72, 204, 2, 138, 49, 17, 0, 0, 5, 15, 0, 
10/4/2025 12:15:00 AM, 326, 2, 3, 71, 162, 2, 112, 29, 17, 2, 0, 4, 15, 0, 
10/4/2025 12:30:00 AM, 326, 2, 3, 74, 156, 0, 108, 36, 18, 0, 0, 4, 15, 0, 
10/4/2025 12:45:00 AM, 326, 2, 3, 71, 120, 0, 92, 18, 10, 2, 0, 2, 15, 0, 
10/4/2025 1:00:00 AM, 326, 2, 3, 69, 114, 0, 88, 22, 4, 0, 0, 2, 15, 0, 
10/4/2025 1:15:00 AM, 326, 2, 3, 69, 88, 0, 68, 12, 8, 2, 0, 2, 15, 0, 
10/4/2025 1:30:00 AM, 326, 2, 3, 71, 89, 2, 54, 32, 2, 2, 0, 2, 13, 0, 
10/4/2025 1:45:00 AM, 326, 2, 3, 72, 87, 0, 60, 22, 6, 2, 0, 2, 15, 0, 
10/4/2025 2:00:00 AM, 326, 2, 3, 73, 71, 0, 57, 10, 2, 2, 0, 1, 15, 0, 
10/4/2025 2:15:00 AM, 326, 2, 3, 73, 61, 0, 45, 12, 2, 2, 0, 1, 15, 0, 
10/4/2025 2:30:00 AM, 326, 2, 3, 69, 72, 0, 61, 7, 6, 0, 0, 1, 15, 0, 
10/4/2025 3:00:00 AM, 326, 2, 3, 71, 36, 0, 30, 4, 2, 0, 0, 1, 7, 0, 
10/4/2025 3:15:00 AM, 326, 2, 3, 69, 50, 0, 36, 12, 0, 0, 0, 0, 15, 0, 
10/4/2025 3:30:00 AM, 326, 2, 3, 70, 54, 0, 32, 10, 10, 2, 0, 1, 15, 0, 
10/4/2025 3:45:00 AM, 326, 2, 3, 69, 54, 0, 40, 3, 9, 2, 0, 9, 15, 0, 
10/4/2025 4:00:00 AM, 326, 2, 3, 70, 73, 0, 48, 20, 4, 0, 0, 1, 15, 0, 
10/4/2025 4:15:00 AM, 326, 2, 3, 72, 47, 0, 32, 10, 4, 2, 0, 1, 13, 0, 
10/4/2025 4:30:00 AM, 326, 2, 3, 74, 57, 0, 51, 5, 1, 0, 0, 1, 15, 0, 
10/4/2025 4:45:00 AM, 326, 2, 3, 72, 45, 2, 31, 11, 3, 0, 0, 0, 15, 0, 
10/4/2025 5:00:00 AM, 326, 2, 3, 69, 55, 0, 41, 7, 5, 0, 0, 2, 15, 0, 
10/4/2025 5:15:00 AM, 326, 2, 3, 70, 69, 2, 49, 7, 11, 0, 0, 4, 15, 0, 
10/4/2025 5:30:00 AM, 326, 2, 3, 71, 61, 4, 25, 16, 10, 2, 0, 1, 15, 0, 
10/4/2025 5:45:00 AM, 326, 2, 3, 71, 111, 2, 71, 26, 12, 0, 0, 2, 15, 0, 
10/4/2025 6:00:00 AM, 326, 2, 3, 72, 87, 0, 56, 23, 8, 0, 0, 1, 15, 0, 
10/4/2025 6:15:00 AM, 326, 2, 3, 70, 111, 0, 70, 23, 14, 6, 0, 2, 15, 0, 
10/4/2025 6:30:00 AM, 326, 2, 3, 70, 139, 3, 84, 34, 14, 0, 0, 3, 13, 0, 
10/4/2025 6:45:00 AM, 326, 2, 3, 70, 201, 7, 130, 40, 20, 2, 0, 6, 15, 0, 
10/4/2025 7:00:00 AM, 326, 2, 3, 69, 208, 2, 118, 64, 17, 4, 0, 5, 15, 0, 
10/4/2025 7:15:00 AM, 326, 2, 3, 70, 196, 0, 128, 38, 17, 4, 0, 5, 15, 0, 
10/4/2025 7:30:00 AM, 326, 2, 3, 71, 193, 0, 113, 51, 21, 7, 0, 5, 13, 0, 
10/4/2025 7:45:01 AM, 326, 2, 3, 71, 293, 6, 173, 65, 31, 15, 0, 8, 15, 0, 
10/4/2025 8:00:00 AM, 326, 2, 3, 72, 282, 2, 168, 82, 21, 4, 0, 7, 15, 0, 
10/4/2025 8:15:00 AM, 326, 2, 3, 74, 260, 2, 150, 70, 31, 4, 0, 6, 15, 0, 
10/4/2025 8:30:00 AM, 326, 2, 3, 73, 215, 0, 145, 55, 21, 4, 0, 6, 13, 0, 
10/4/2025 8:45:01 AM, 326, 2, 3, 71, 275, 4, 181, 39, 29, 12, 0, 7, 15, 0, 
10/4/2025 9:00:00 AM, 326, 2, 3, 72, 250, 4, 129, 83, 25, 9, 0, 7, 15, 0, 
10/4/2025 9:15:00 AM, 326, 2, 3, 71, 244, 6, 157, 61, 21, 5, 0, 6, 15, 0, 
10/4/2025 9:30:00 AM, 326, 2, 3, 72, 211, 2, 128, 59, 12, 9, 0, 6, 13, 0, 
10/4/2025 9:45:00 AM, 326, 2, 3, 72, 293, 0, 188, 57, 30, 9, 0, 7, 15, 0, 
10/4/2025 10:00:00 AM, 326, 2, 3, 71, 286, 2, 179, 70, 28, 9, 0, 7, 15, 0, 
10/4/2025 10:15:00 AM, 326, 2, 3, 71, 276, 4, 165, 64, 30, 9, 0, 7, 15, 0, 
10/4/2025 10:30:00 AM, 326, 2, 3, 69, 245, 2, 154, 52, 22, 15, 0, 8, 15, 0, 
10/4/2025 10:45:00 AM, 326, 2, 3, 70, 269, 4, 178, 52, 24, 7, 0, 7, 15, 0, 
10/4/2025 11:00:00 AM, 326, 2, 3, 68, 274, 7, 169, 65, 26, 4, 2, 7, 15, 0, 
10/4/2025 11:15:00 AM, 326, 2, 3, 71, 226, 5, 143, 65, 12, 0, 0, 5, 15, 0, 
10/4/2025 11:30:00 AM, 326, 2, 3, 69, 246, 8, 127, 78, 23, 4, 0, 7, 13, 0, 
10/4/2025 11:45:00 AM, 326, 2, 3, 70, 280, 2, 169, 70, 21, 8, 0, 7, 15, 0, 
10/4/2025 12:00:00 PM, 326, 2, 3, 71, 303, 9, 186, 59, 42, 1, 0, 8, 15, 0, 
10/4/2025 12:15:00 PM, 326, 2, 3, 70, 279, 1, 136, 119, 18, 9, 0, 7, 15, 0, 
10/4/2025 12:30:00 PM, 326, 2, 3, 71, 197, 8, 83, 62, 23, 18, 0, 6, 13, 0, 
10/4/2025 12:45:00 PM, 326, 2, 3, 69, 309, 22, 167, 62, 39, 8, 2, 8, 15, 0, 
10/4/2025 1:00:00 PM, 326, 2, 3, 71, 310, 10, 196, 79, 24, 2, 0, 7, 15, 0, 
10/4/2025 1:15:00 PM, 326, 2, 3, 71, 294, 2, 182, 67, 30, 4, 0, 7, 15, 0, 
10/4/2025 1:30:00 PM, 326, 2, 3, 72, 270, 0, 172, 67, 20, 4, 0, 7, 13, 0, 
10/4/2025 1:45:00 PM, 326, 2, 3, 69, 304, 22, 166, 57, 28, 22, 10, 13, 15, 0, 
10/4/2025 2:00:00 PM, 326, 2, 3, 71, 260, 9, 147, 42, 34, 14, 10, 9, 15, 0, 
10/4/2025 2:15:00 PM, 326, 2, 3, 72, 242, 13, 133, 64, 24, 8, 0, 8, 15, 0, 
10/4/2025 2:30:00 PM, 326, 2, 3, 72, 298, 4, 170, 84, 20, 8, 2, 10, 14, 0, 
10/4/2025 2:45:00 PM, 326, 2, 3, 71, 300, 4, 174, 78, 36, 6, 0, 8, 14, 0, 
10/4/2025 3:00:00 PM, 326, 2, 3, 70, 334, 4, 196, 69, 34, 22, 2, 10, 15, 0, 
10/4/2025 3:15:00 PM, 326, 2, 3, 71, 346, 6, 196, 71, 58, 8, 0, 9, 15, 0, 
10/4/2025 3:30:00 PM, 326, 2, 3, 64, 329, 4, 185, 89, 38, 10, 2, 11, 15, 0, 
10/4/2025 3:45:00 PM, 326, 2, 3, 20, 185, 0, 65, 55, 38, 16, 10, 40, 13, 0, 
10/4/2025 4:00:00 PM, 326, 2, 3, 59, 282, 7, 136, 86, 44, 17, 0, 12, 15, 0, 
10/4/2025 4:15:00 PM, 326, 2, 3, 70, 352, 3, 198, 86, 52, 15, 0, 10, 15, 0, 
10/4/2025 4:30:00 PM, 326, 2, 3, 70, 345, 16, 183, 77, 42, 12, 2, 10, 15, 0, 
10/4/2025 4:45:00 PM, 326, 2, 3, 70, 213, 24, 133, 37, 16, 2, 0, 5, 13, 0, 
10/4/2025 5:00:00 PM, 326, 2, 3, 70, 226, 9, 97, 92, 26, 4, 0, 6, 15, 0, 
10/4/2025 5:15:00 PM, 326, 2, 3, 68, 290, 5, 187, 64, 20, 8, 0, 7, 15, 0, 
10/4/2025 5:30:00 PM, 326, 2, 3, 70, 265, 11, 173, 62, 11, 4, 0, 7, 15, 0, 
10/4/2025 5:45:00 PM, 326, 2, 3, 70, 297, 9, 187, 62, 23, 0, 0, 7, 15, 0, 
10/4/2025 6:00:00 PM, 326, 2, 3, 67, 314, 6, 178, 76, 45, 6, 1, 9, 15, 0, 
10/4/2025 6:15:00 PM, 326, 2, 3, 70, 282, 4, 184, 68, 23, 0, 3, 7, 15, 0, 
10/4/2025 6:30:00 PM, 326, 2, 3, 69, 362, 4, 208, 87, 35, 10, 2, 10, 15, 0, 
10/4/2025 6:45:00 PM, 326, 2, 3, 70, 250, 6, 144, 45, 41, 14, 0, 7, 13, 0, 
10/4/2025 7:00:00 PM, 326, 2, 3, 71, 308, 4, 197, 68, 30, 8, 0, 8, 15, 0, 
10/4/2025 7:15:00 PM, 326, 2, 3, 69, 292, 2, 157, 84, 36, 6, 0, 8, 15, 0, 
10/4/2025 7:30:00 PM, 326, 2, 3, 69, 308, 4, 189, 83, 36, 0, 0, 8, 15, 0, 
10/4/2025 7:45:00 PM, 326, 2, 3, 68, 234, 0, 161, 49, 16, 8, 0, 7, 13, 0, 
10/4/2025 8:00:00 PM, 326, 2, 3, 72, 197, 4, 134, 30, 27, 5, 0, 5, 15, 0, 
10/4/2025 8:15:00 PM, 326, 2, 3, 71, 233, 8, 148, 46, 25, 5, 0, 5, 15, 0, 
10/4/2025 8:30:00 PM, 326, 2, 3, 71, 228, 2, 132, 58, 34, 6, 0, 6, 15, 0, 
10/4/2025 8:45:00 PM, 326, 2, 3, 69, 162, 2, 102, 32, 16, 4, 0, 5, 13, 0, 
10/4/2025 9:00:00 PM, 326, 2, 3, 71, 229, 6, 127, 61, 28, 5, 0, 6, 15, 0, 
10/4/2025 9:15:00 PM, 326, 2, 3, 72, 163, 2, 105, 33, 22, 3, 0, 4, 15, 0, 
10/4/2025 9:30:00 PM, 326, 2, 3, 72, 191, 7, 134, 28, 18, 4, 0, 4, 15, 0, 
10/4/2025 9:45:00 PM, 326, 2, 3, 73, 173, 5, 110, 36, 20, 2, 0, 4, 15, 0, 
10/4/2025 10:00:00 PM, 326, 2, 3, 71, 197, 0, 126, 46, 18, 8, 0, 5, 15, 0, 
10/4/2025 10:15:00 PM, 326, 2, 3, 71, 203, 0, 134, 52, 16, 6, 0, 5, 15, 0, 
10/4/2025 10:30:00 PM, 326, 2, 3, 70, 218, 4, 149, 37, 17, 4, 0, 7, 15, 0, 
10/4/2025 10:45:00 PM, 326, 2, 3, 71, 258, 2, 179, 55, 19, 2, 0, 7, 15, 0, 
10/4/2025 11:00:00 PM, 326, 2, 3, 71, 176, 2, 113, 44, 15, 4, 0, 5, 13, 0, 
10/4/2025 11:15:00 PM, 326, 2, 3, 71, 204, 0, 145, 40, 19, 4, 0, 4, 15, 0, 
10/4/2025 11:30:00 PM, 326, 2, 3, 71, 226, 4, 145, 46, 26, 6, 0, 7, 15, 0, 
10/4/2025 11:45:00 PM, 326, 2, 3, 71, 210, 0, 149, 44, 12, 2, 0, 6, 15, 0, 
10/5/2025 12:00:00 AM, 326, 2, 3, 70, 218, 1, 149, 43, 14, 8, 0, 5, 15, 0, 
10/5/2025 12:15:00 AM, 326, 2, 3, 71, 230, 5, 157, 51, 20, 0, 0, 5, 15, 0, 
10/5/2025 12:30:00 AM, 326, 2, 3, 71, 161, 0, 124, 22, 11, 4, 0, 3, 15, 0, 
10/5/2025 12:45:00 AM, 326, 2, 3, 73, 175, 0, 118, 38, 19, 4, 0, 4, 15, 0, 
10/5/2025 1:00:00 AM, 326, 2, 3, 73, 111, 0, 84, 16, 10, 0, 0, 2, 13, 0, 
10/5/2025 1:15:00 AM, 326, 2, 3, 71, 111, 0, 94, 12, 6, 0, 0, 6, 15, 0, 
10/5/2025 1:30:00 AM, 326, 2, 3, 73, 136, 4, 86, 37, 12, 0, 0, 3, 15, 0, 
10/5/2025 1:45:00 AM, 326, 2, 3, 73, 102, 4, 74, 23, 2, 2, 0, 2, 15, 0, 
10/5/2025 2:00:00 AM, 326, 2, 3, 73, 96, 5, 65, 22, 4, 4, 0, 2, 15, 0, 
10/5/2025 2:15:00 AM, 326, 2, 3, 74, 78, 1, 69, 8, 0, 2, 0, 1, 15, 0, 
10/5/2025 2:30:00 AM, 326, 2, 3, 70, 89, 0, 69, 14, 4, 0, 2, 2, 15, 0, 
10/5/2025 3:00:00 AM, 326, 2, 3, 72, 25, 0, 23, 4, 0, 0, 0, 0, 7, 0, 
10/5/2025 3:15:00 AM, 326, 2, 3, 72, 51, 0, 42, 4, 1, 0, 0, 8, 15, 0, 
10/5/2025 3:30:00 AM, 326, 2, 3, 71, 53, 0, 36, 10, 5, 0, 0, 15, 15, 0, 
10/5/2025 3:45:00 AM, 326, 2, 3, 67, 40, 0, 26, 14, 0, 0, 0, 3, 14, 0, 
10/5/2025 4:00:01 AM, 326, 2, 3, 72, 52, 0, 42, 5, 3, 0, 0, 1, 15, 0, 
10/5/2025 4:15:00 AM, 326, 2, 3, 71, 58, 0, 42, 13, 3, 0, 0, 1, 15, 0, 
10/5/2025 4:30:00 AM, 326, 2, 3, 75, 41, 0, 32, 5, 2, 0, 0, 0, 15, 0, 
10/5/2025 4:45:00 AM, 326, 2, 3, 72, 41, 0, 34, 5, 2, 0, 0, 0, 13, 0, 
10/5/2025 5:00:00 AM, 326, 2, 3, 68, 47, 0, 41, 6, 2, 0, 0, 0, 15, 0, 
10/5/2025 5:15:00 AM, 326, 2, 3, 71, 43, 2, 21, 16, 2, 0, 0, 2, 15, 0, 
10/5/2025 5:30:00 AM, 326, 2, 3, 74, 60, 2, 35, 17, 6, 0, 0, 1, 15, 0, 
10/5/2025 5:45:00 AM, 326, 2, 3, 73, 58, 0, 39, 17, 0, 0, 0, 1, 15, 0, 
10/5/2025 6:00:00 AM, 326, 2, 3, 76, 69, 0, 52, 9, 6, 2, 0, 1, 15, 0, 
10/5/2025 6:15:00 AM, 326, 2, 3, 70, 57, 0, 42, 15, 0, 0, 0, 1, 15, 0, 
10/5/2025 6:30:00 AM, 326, 2, 3, 72, 67, 0, 49, 10, 6, 0, 0, 2, 15, 0, 
10/5/2025 6:45:01 AM, 326, 2, 3, 74, 105, 0, 61, 30, 12, 2, 0, 2, 13, 0, 
10/5/2025 7:00:00 AM, 326, 2, 3, 71, 124, 0, 90, 21, 8, 4, 0, 5, 15, 0, 
10/5/2025 7:15:00 AM, 326, 2, 3, 73, 98, 0, 46, 31, 16, 4, 2, 2, 15, 0, 
10/5/2025 7:30:00 AM, 326, 2, 3, 76, 146, 0, 88, 32, 22, 2, 0, 3, 15, 0, 
10/5/2025 7:45:00 AM, 326, 2, 3, 74, 130, 4, 64, 36, 14, 10, 0, 3, 15, 0, 
10/5/2025 8:00:00 AM, 326, 2, 3, 74, 164, 0, 95, 43, 18, 4, 0, 4, 15, 0, 
10/5/2025 8:15:00 AM, 326, 2, 3, 74, 148, 0, 79, 47, 14, 6, 0, 3, 15, 0, 
10/5/2025 8:30:00 AM, 326, 2, 3, 74, 202, 2, 132, 43, 20, 7, 0, 4, 15, 0, 
10/5/2025 8:45:00 AM, 326, 2, 3, 74, 150, 0, 102, 33, 6, 5, 0, 4, 13, 0, 
10/5/2025 9:00:00 AM, 326, 2, 3, 74, 180, 0, 119, 37, 22, 6, 0, 4, 15, 0, 
10/5/2025 9:15:00 AM, 326, 2, 3, 74, 162, 6, 103, 39, 10, 2, 0, 3, 15, 0, 
10/5/2025 9:30:00 AM, 326, 2, 3, 74, 201, 0, 149, 31, 15, 4, 0, 4, 15, 0, 
10/5/2025 9:45:00 AM, 326, 2, 3, 72, 209, 0, 145, 41, 23, 0, 0, 4, 15, 0, 
10/5/2025 10:00:00 AM, 326, 2, 3, 73, 246, 3, 161, 56, 26, 4, 0, 6, 15, 0, 
10/5/2025 10:15:00 AM, 326, 2, 3, 74, 240, 11, 167, 52, 24, 2, 0, 5, 15, 0, 
10/5/2025 10:30:00 AM, 326, 2, 3, 74, 184, 1, 128, 41, 16, 4, 0, 4, 15, 0, 
10/5/2025 10:45:00 AM, 326, 2, 3, 73, 166, 3, 122, 33, 6, 2, 0, 6, 13, 0, 
10/5/2025 11:00:00 AM, 326, 2, 3, 73, 209, 0, 166, 37, 9, 0, 0, 4, 15, 0, 
10/5/2025 11:15:00 AM, 326, 2, 3, 71, 223, 8, 136, 47, 21, 8, 0, 5, 15, 0, 
10/5/2025 11:30:00 AM, 326, 2, 3, 73, 240, 0, 142, 57, 22, 9, 0, 5, 15, 0, 
10/5/2025 11:45:00 AM, 326, 2, 3, 71, 244, 0, 170, 45, 8, 9, 0, 6, 15, 0, 
10/5/2025 12:00:00 PM, 326, 2, 3, 72, 233, 4, 159, 39, 28, 4, 0, 6, 15, 0, 
10/5/2025 12:15:00 PM, 326, 2, 3, 73, 247, 2, 177, 47, 10, 4, 0, 5, 15, 0, 
10/5/2025 12:30:00 PM, 326, 2, 3, 72, 262, 20, 155, 69, 16, 2, 0, 6, 15, 0, 
10/5/2025 12:45:00 PM, 326, 2, 3, 72, 170, 4, 105, 37, 14, 10, 2, 6, 13, 0, 
10/5/2025 1:00:00 PM, 326, 2, 3, 72, 226, 10, 114, 63, 26, 4, 5, 7, 15, 0, 
10/5/2025 1:15:00 PM, 326, 2, 3, 73, 306, 8, 174, 69, 44, 14, 1, 8, 15, 0, 
10/5/2025 1:30:00 PM, 326, 2, 3, 72, 246, 0, 162, 55, 19, 6, 0, 6, 15, 0, 
10/5/2025 1:45:00 PM, 326, 2, 3, 72, 248, 2, 154, 43, 29, 18, 0, 10, 13, 0, 
10/5/2025 2:00:00 PM, 326, 2, 3, 72, 285, 4, 157, 62, 40, 14, 2, 8, 15, 0, 
10/5/2025 2:15:00 PM, 326, 2, 3, 72, 293, 2, 187, 70, 24, 12, 0, 8, 15, 0, 
10/5/2025 2:30:00 PM, 326, 2, 3, 72, 328, 8, 183, 69, 47, 26, 0, 9, 15, 0, 
10/5/2025 2:45:00 PM, 326, 2, 3, 72, 298, 2, 165, 91, 33, 14, 2, 8, 15, 0, 
10/5/2025 3:00:00 PM, 326, 2, 3, 73, 366, 4, 207, 84, 53, 4, 0, 9, 15, 0, 
10/5/2025 3:15:00 PM, 326, 2, 3, 72, 306, 4, 153, 72, 63, 14, 0, 9, 15, 0, 
10/5/2025 3:30:00 PM, 326, 2, 3, 73, 313, 2, 190, 68, 39, 12, 0, 8, 15, 0, 
10/5/2025 3:45:00 PM, 326, 2, 3, 72, 327, 4, 206, 66, 41, 18, 0, 10, 15, 0, 
10/5/2025 4:00:00 PM, 326, 2, 3, 71, 274, 4, 149, 73, 40, 8, 0, 9, 13, 0, 
10/5/2025 4:15:00 PM, 326, 2, 3, 72, 292, 6, 163, 73, 40, 18, 0, 7, 15, 0, 
10/5/2025 4:30:00 PM, 326, 2, 3, 72, 296, 0, 188, 55, 37, 8, 0, 9, 15, 0, 
10/5/2025 4:45:00 PM, 326, 2, 3, 72, 306, 0, 166, 95, 33, 14, 0, 8, 15, 0, 
10/5/2025 5:00:00 PM, 326, 2, 3, 70, 307, 17, 145, 79, 27, 22, 12, 15, 15, 0, 
10/5/2025 5:15:00 PM, 326, 2, 3, 70, 289, 19, 175, 61, 27, 8, 0, 7, 15, 0, 
10/5/2025 5:30:00 PM, 326, 2, 3, 71, 260, 6, 152, 67, 22, 2, 0, 7, 15, 0, 
10/5/2025 5:45:00 PM, 326, 2, 3, 71, 228, 10, 146, 49, 20, 2, 0, 6, 15, 0, 
10/5/2025 6:00:00 PM, 326, 2, 3, 71, 221, 0, 148, 49, 20, 4, 0, 6, 15, 0, 
10/5/2025 6:15:01 PM, 326, 2, 3, 69, 175, 2, 110, 51, 6, 4, 0, 7, 15, 0, 
10/5/2025 6:30:00 PM, 326, 2, 3, 72, 251, 1, 171, 59, 12, 3, 1, 6, 15, 0, 
10/5/2025 6:45:00 PM, 326, 2, 3, 70, 307, 1, 185, 85, 28, 7, 3, 8, 15, 0, 
10/5/2025 7:00:00 PM, 326, 2, 3, 71, 288, 8, 171, 71, 21, 8, 0, 8, 15, 0, 
10/5/2025 7:15:00 PM, 326, 2, 3, 71, 238, 6, 173, 29, 25, 4, 0, 6, 15, 0, 
10/5/2025 7:30:00 PM, 326, 2, 3, 71, 233, 5, 168, 54, 14, 0, 0, 7, 15, 0, 
10/5/2025 7:45:00 PM, 326, 2, 3, 71, 211, 9, 132, 48, 18, 0, 0, 4, 15, 0, 
10/5/2025 8:00:00 PM, 326, 2, 3, 73, 184, 5, 133, 31, 15, 0, 0, 5, 13, 0, 
10/5/2025 8:15:00 PM, 326, 2, 3, 71, 204, 9, 123, 57, 17, 0, 0, 8, 15, 0, 
10/5/2025 8:30:00 PM, 326, 2, 3, 73, 211, 0, 147, 37, 19, 2, 0, 5, 15, 0, 
10/5/2025 8:45:00 PM, 326, 2, 3, 72, 173, 0, 111, 39, 11, 10, 0, 4, 15, 0, 
10/5/2025 9:00:00 PM, 326, 2, 3, 72, 190, 2, 119, 36, 27, 2, 0, 5, 13, 0, 
10/5/2025 9:15:00 PM, 326, 2, 3, 73, 168, 4, 109, 46, 9, 0, 2, 4, 15, 0, 
10/5/2025 9:30:00 PM, 326, 2, 3, 73, 167, 2, 117, 34, 10, 0, 0, 3, 15, 0, 
10/5/2025 9:45:00 PM, 326, 2, 3, 71, 165, 0, 127, 18, 18, 0, 0, 4, 15, 0, 
10/5/2025 10:00:00 PM, 326, 2, 3, 73, 132, 4, 98, 18, 6, 2, 0, 4, 13, 0, 
10/5/2025 10:15:00 PM, 326, 2, 3, 73, 134, 0, 100, 28, 8, 4, 0, 3, 15, 0, 
10/5/2025 10:30:00 PM, 326, 2, 3, 72, 167, 1, 105, 38, 17, 2, 0, 4, 15, 0, 
10/5/2025 10:45:00 PM, 326, 2, 3, 71, 135, 1, 101, 24, 7, 2, 0, 3, 15, 0, 
10/5/2025 11:00:00 PM, 326, 2, 3, 71, 112, 0, 89, 16, 7, 0, 0, 3, 13, 0, 
10/5/2025 11:15:00 PM, 326, 2, 3, 73, 132, 4, 89, 34, 5, 0, 0, 2, 15, 0, 
10/5/2025 11:30:00 PM, 326, 2, 3, 73, 151, 0, 110, 26, 11, 2, 0, 3, 15, 0, 
10/5/2025 11:45:00 PM, 326, 2, 3, 73, 123, 0, 78, 34, 11, 2, 0, 2, 15, 0, 
10/6/2025 12:00:00 AM, 326, 2, 3, 72, 106, 1, 89, 14, 2, 0, 0, 3, 13, 0, 
10/6/2025 12:15:00 AM, 326, 2, 3, 74, 104, 1, 77, 12, 10, 2, 0, 3, 15, 0, 
10/6/2025 12:30:00 AM, 326, 2, 3, 71, 117, 2, 89, 19, 5, 2, 0, 3, 15, 0, 
10/6/2025 12:45:00 AM, 326, 2, 3, 75, 77, 2, 63, 7, 9, 0, 0, 1, 15, 0, 
10/6/2025 1:00:00 AM, 326, 2, 3, 74, 78, 0, 52, 20, 8, 0, 0, 1, 15, 0, 
10/6/2025 1:15:00 AM, 326, 2, 3, 73, 50, 0, 34, 12, 2, 0, 0, 0, 15, 0, 
10/6/2025 1:30:00 AM, 326, 2, 3, 71, 53, 0, 47, 6, 2, 0, 0, 1, 15, 0, 
10/6/2025 1:45:00 AM, 326, 2, 3, 77, 29, 0, 27, 2, 0, 0, 0, 0, 15, 0, 
10/6/2025 2:00:00 AM, 326, 2, 3, 72, 36, 0, 24, 8, 2, 2, 0, 0, 14, 0, 
10/6/2025 2:15:00 AM, 326, 2, 3, 71, 24, 0, 16, 4, 2, 0, 0, 0, 14, 0, 
10/6/2025 2:30:00 AM, 326, 2, 3, 71, 36, 0, 28, 8, 0, 0, 0, 0, 15, 0, 
10/6/2025 3:00:00 AM, 326, 2, 3, 70, 13, 0, 11, 1, 0, 0, 0, 0, 7, 0, 
10/6/2025 3:15:00 AM, 326, 2, 3, 75, 40, 0, 22, 10, 5, 3, 0, 0, 15, 0, 
10/6/2025 3:30:00 AM, 326, 2, 3, 73, 24, 0, 20, 0, 3, 1, 0, 0, 15, 0, 
10/6/2025 3:45:00 AM, 326, 2, 3, 67, 30, 0, 24, 6, 2, 0, 0, 4, 15, 0, 
10/6/2025 4:00:00 AM, 326, 2, 3, 73, 45, 0, 31, 14, 0, 0, 0, 0, 13, 0, 
10/6/2025 4:15:00 AM, 326, 2, 3, 70, 31, 0, 19, 4, 6, 0, 0, 0, 15, 0, 
10/6/2025 4:30:00 AM, 326, 2, 3, 72, 61, 2, 43, 12, 2, 2, 0, 2, 15, 0, 
10/6/2025 4:45:00 AM, 326, 2, 3, 71, 73, 0, 43, 20, 6, 2, 0, 2, 15, 0, 
10/6/2025 5:00:00 AM, 326, 2, 3, 74, 68, 0, 43, 17, 3, 4, 0, 1, 13, 0, 
10/6/2025 5:15:00 AM, 326, 2, 3, 73, 118, 0, 69, 41, 9, 4, 2, 3, 15, 0, 
10/6/2025 5:30:00 AM, 326, 2, 3, 73, 142, 2, 83, 35, 17, 5, 0, 3, 15, 0, 
10/6/2025 5:45:00 AM, 326, 2, 3, 73, 208, 2, 107, 63, 33, 3, 0, 5, 15, 0, 
10/6/2025 6:00:00 AM, 326, 2, 3, 71, 254, 4, 130, 83, 28, 9, 0, 6, 15, 0, 
10/6/2025 6:15:00 AM, 326, 2, 3, 71, 232, 6, 124, 65, 34, 9, 0, 7, 15, 0, 
10/6/2025 6:30:00 AM, 326, 2, 3, 71, 288, 4, 166, 62, 47, 14, 0, 7, 15, 0, 
10/6/2025 6:45:00 AM, 326, 2, 3, 70, 314, 4, 174, 78, 41, 16, 2, 10, 15, 0, 
10/6/2025 7:00:00 AM, 326, 2, 3, 71, 305, 8, 151, 76, 38, 25, 2, 10, 13, 0, 
10/6/2025 7:15:00 AM, 326, 2, 3, 68, 359, 4, 191, 84, 58, 13, 0, 15, 15, 0, 
10/6/2025 7:30:00 AM, 326, 2, 3, 70, 352, 12, 173, 77, 56, 25, 2, 11, 15, 0, 
10/6/2025 7:45:00 AM, 326, 2, 3, 69, 404, 0, 221, 89, 50, 13, 2, 11, 15, 0, 
10/6/2025 8:00:00 AM, 326, 2, 3, 70, 347, 15, 187, 56, 45, 26, 3, 12, 13, 0, 
10/6/2025 8:15:00 AM, 326, 2, 3, 70, 387, 5, 205, 96, 31, 24, 3, 12, 15, 0, 
10/6/2025 8:30:00 AM, 326, 2, 3, 70, 393, 6, 218, 67, 57, 16, 2, 11, 15, 0, 
10/6/2025 8:45:00 AM, 326, 2, 3, 72, 331, 0, 190, 69, 45, 14, 0, 8, 15, 0, 
10/6/2025 9:00:00 AM, 326, 2, 3, 71, 255, 2, 158, 46, 28, 13, 0, 7, 13, 0, 
10/6/2025 9:15:00 AM, 326, 2, 3, 71, 271, 4, 162, 52, 38, 9, 2, 8, 15, 0, 
10/6/2025 9:30:00 AM, 326, 2, 3, 71, 240, 2, 156, 38, 31, 9, 0, 8, 15, 0, 
10/6/2025 9:45:00 AM, 326, 2, 3, 70, 294, 10, 166, 84, 31, 9, 0, 7, 15, 0, 
10/6/2025 10:00:00 AM, 326, 2, 3, 71, 236, 4, 142, 52, 26, 14, 0, 7, 13, 0, 
10/6/2025 10:15:00 AM, 326, 2, 3, 72, 222, 4, 132, 60, 14, 12, 0, 5, 15, 0, 
10/6/2025 10:30:00 AM, 326, 2, 3, 71, 246, 2, 160, 45, 40, 4, 0, 6, 15, 0, 
10/6/2025 10:45:00 AM, 326, 2, 3, 71, 226, 4, 136, 53, 24, 6, 0, 5, 15, 0, 
10/6/2025 11:00:00 AM, 326, 2, 3, 73, 183, 12, 118, 35, 19, 1, 0, 4, 13, 0, 
10/6/2025 11:15:00 AM, 326, 2, 3, 72, 215, 0, 116, 59, 31, 9, 0, 5, 15, 0, 
10/6/2025 11:30:00 AM, 326, 2, 3, 70, 187, 9, 135, 35, 12, 2, 0, 5, 15, 0, 
10/6/2025 11:45:00 AM, 326, 2, 3, 71, 265, 5, 175, 47, 26, 8, 0, 7, 15, 0, 
10/6/2025 12:00:00 PM, 326, 2, 3, 71, 212, 8, 111, 62, 21, 6, 0, 6, 13, 0, 
10/6/2025 12:15:00 PM, 326, 2, 3, 71, 248, 6, 171, 32, 23, 12, 0, 8, 15, 0, 
10/6/2025 12:30:00 PM, 326, 2, 3, 72, 284, 13, 172, 54, 31, 2, 0, 8, 15, 0, 
10/6/2025 12:45:00 PM, 326, 2, 3, 61, 260, 9, 112, 54, 49, 18, 10, 14, 15, 0, 
10/6/2025 1:00:00 PM, 326, 2, 3, 72, 295, 6, 177, 74, 35, 6, 0, 8, 15, 0, 
10/6/2025 1:15:00 PM, 326, 2, 3, 72, 285, 4, 137, 86, 41, 16, 0, 8, 15, 0, 
10/6/2025 1:30:00 PM, 326, 2, 3, 71, 368, 2, 201, 82, 40, 35, 0, 11, 15, 0, 
10/6/2025 1:45:00 PM, 326, 2, 3, 71, 294, 0, 155, 84, 44, 15, 0, 8, 15, 0, 
10/6/2025 2:00:00 PM, 326, 2, 3, 72, 338, 6, 186, 76, 46, 21, 0, 10, 15, 0, 
10/6/2025 2:15:00 PM, 326, 2, 3, 71, 304, 2, 174, 62, 46, 15, 0, 10, 13, 0, 
10/6/2025 2:30:00 PM, 326, 2, 3, 69, 366, 8, 192, 75, 63, 17, 2, 12, 15, 0, 
10/6/2025 2:45:00 PM, 326, 2, 3, 69, 448, 2, 218, 129, 59, 11, 2, 13, 15, 0, 
10/6/2025 3:00:00 PM, 326, 2, 3, 67, 427, 5, 211, 83, 60, 21, 0, 12, 15, 0, 
10/6/2025 3:15:00 PM, 326, 2, 3, 67, 341, 19, 147, 75, 62, 23, 8, 14, 13, 0, 
10/6/2025 3:30:00 PM, 326, 2, 3, 69, 410, 10, 208, 107, 50, 10, 2, 12, 15, 0, 
10/6/2025 3:45:00 PM, 326, 2, 3, 69, 398, 8, 204, 89, 58, 22, 0, 11, 15, 0, 
10/6/2025 4:00:00 PM, 326, 2, 3, 67, 421, 12, 211, 94, 42, 16, 6, 12, 15, 0, 
10/6/2025 4:15:00 PM, 326, 2, 3, 65, 405, 4, 193, 98, 62, 6, 0, 13, 13, 0, 
10/6/2025 4:30:00 PM, 326, 2, 3, 37, 410, 10, 150, 152, 70, 22, 2, 30, 15, 0, 
10/6/2025 4:45:00 PM, 326, 2, 3, 26, 366, 12, 118, 116, 86, 22, 4, 38, 15, 0, 
10/6/2025 5:00:00 PM, 326, 2, 3, 22, 301, 5, 87, 86, 91, 25, 11, 41, 15, 0, 
10/6/2025 5:15:00 PM, 326, 2, 3, 25, 331, 7, 77, 112, 107, 25, 3, 36, 15, 0, 
10/6/2025 5:30:00 PM, 326, 2, 3, 27, 24, 0, 10, 4, 6, 4, 0, 2, 15, 0, 
3/31/2026 11:15:00 AM, 326, 2, 3, 61, 124, 0, 124, 0, 0, 0, 0, 10, 6, 0, 
3/31/2026 11:30:00 AM, 326, 2, 3, 63, 297, 9, 288, 0, 0, 0, 0, 8, 15, 0, 
3/31/2026 11:45:00 AM, 326, 2, 3, 61, 303, 3, 300, 0, 0, 0, 0, 9, 15, 0, 
3/31/2026 12:00:00 PM, 326, 2, 3, 62, 303, 7, 296, 0, 0, 0, 0, 9, 15, 0, 
3/31/2026 12:15:00 PM, 326, 2, 3, 63, 285, 1, 284, 0, 0, 0, 0, 8, 15, 0, 
3/31/2026 12:30:00 PM, 326, 2, 3, 62, 305, 0, 305, 0, 0, 0, 0, 9, 15, 0, 
3/31/2026 12:45:00 PM, 326, 2, 3, 62, 301, 4, 297, 0, 0, 0, 0, 9, 15, 0, 
3/31/2026 1:00:00 PM, 326, 2, 3, 62, 289, 0, 289, 0, 0, 0, 0, 9, 15, 0, 
3/31/2026 1:15:00 PM, 326, 2, 3, 62, 325, 6, 319, 0, 0, 0, 0, 10, 15, 0, 
3/31/2026 1:30:00 PM, 326, 2, 3, 61, 327, 8, 319, 0, 0, 0, 0, 10, 15, 0, 
3/31/2026 1:45:00 PM, 326, 2, 3, 62, 319, 0, 319, 0, 0, 0, 0, 9, 15, 0, 
3/31/2026 2:00:00 PM, 326, 2, 3, 60, 359, 0, 359, 0, 0, 0, 0, 11, 15, 0, 
3/31/2026 2:15:01 PM, 326, 2, 3, 61, 323, 4, 319, 0, 0, 0, 0, 11, 15, 0, 
3/31/2026 2:30:00 PM, 326, 2, 3, 51, 330, 5, 325, 0, 0, 0, 0, 14, 15, 0, 
3/31/2026 2:45:00 PM, 326, 2, 3, 57, 382, 1, 381, 0, 0, 0, 0, 13, 15, 0, 
3/31/2026 3:00:00 PM, 326, 2, 3, 27, 311, 4, 307, 0, 0, 0, 0, 37, 15, 0, 
3/31/2026 3:15:00 PM, 326, 2, 3, 18, 275, 0, 275, 0, 0, 0, 0, 39, 15, 0, 
3/31/2026 3:30:00 PM, 326, 2, 3, 20, 324, 9, 315, 0, 0, 0, 0, 42, 15, 0, 
3/31/2026 3:45:00 PM, 326, 2, 3, 33, 386, 25, 361, 0, 0, 0, 0, 25, 15, 0, 
3/31/2026 4:00:00 PM, 326, 2, 3, 58, 290, 27, 263, 0, 0, 0, 0, 9, 15, 0, 
3/31/2026 4:15:00 PM, 326, 2, 3, 59, 266, 27, 239, 0, 0, 0, 0, 8, 15, 0, 
3/31/2026 4:30:00 PM, 326, 2, 3, 56, 279, 57, 222, 0, 0, 0, 0, 8, 15, 0, 
3/31/2026 4:45:00 PM, 326, 2, 3, 55, 267, 55, 212, 0, 0, 0, 0, 8, 15, 0, 
3/31/2026 5:00:00 PM, 326, 2, 3, 44, 277, 49, 228, 0, 0, 0, 0, 12, 15, 0, 
3/31/2026 5:15:00 PM, 326, 2, 3, 46, 395, 5, 390, 0, 0, 0, 0, 16, 15, 0, 
3/31/2026 5:30:00 PM, 326, 2, 3, 33, 380, 9, 371, 0, 0, 0, 0, 25, 15, 0, 
3/31/2026 5:45:00 PM, 326, 2, 3, 44, 354, 11, 343, 0, 0, 0, 0, 15, 15, 0, 
3/31/2026 6:00:00 PM, 326, 2, 3, 60, 348, 4, 344, 0, 0, 0, 0, 10, 15, 0, 
3/31/2026 6:15:00 PM, 326, 2, 3, 60, 366, 6, 360, 0, 0, 0, 0, 10, 15, 0, 
3/31/2026 6:30:00 PM, 326, 2, 3, 60, 339, 9, 330, 0, 0, 0, 0, 10, 15, 0, 
3/31/2026 6:45:00 PM, 326, 2, 3, 60, 309, 5, 304, 0, 0, 0, 0, 8, 15, 0, 
3/31/2026 7:00:00 PM, 326, 2, 3, 61, 288, 0, 288, 0, 0, 0, 0, 8, 15, 0, 
3/31/2026 7:15:00 PM, 326, 2, 3, 61, 234, 4, 230, 0, 0, 0, 0, 7, 15, 0, 
3/31/2026 7:30:00 PM, 326, 2, 3, 61, 304, 2, 302, 0, 0, 0, 0, 9, 15, 0, 
3/31/2026 7:45:00 PM, 326, 2, 3, 60, 278, 4, 274, 0, 0, 0, 0, 8, 15, 0, 
3/31/2026 8:00:00 PM, 326, 2, 3, 61, 228, 2, 226, 0, 0, 0, 0, 6, 15, 0, 
3/31/2026 8:15:00 PM, 326, 2, 3, 62, 226, 6, 220, 0, 0, 0, 0, 6, 15, 0, 
3/31/2026 8:30:00 PM, 326, 2, 3, 62, 235, 0, 235, 0, 0, 0, 0, 6, 15, 0, 
3/31/2026 8:45:00 PM, 326, 2, 3, 62, 239, 0, 239, 0, 0, 0, 0, 6, 15, 0, 
3/31/2026 9:00:00 PM, 326, 2, 3, 63, 242, 0, 242, 0, 0, 0, 0, 6, 15, 0, 
3/31/2026 9:15:00 PM, 326, 2, 3, 64, 210, 4, 206, 0, 0, 0, 0, 5, 15, 0, 
3/31/2026 9:30:00 PM, 326, 2, 3, 65, 179, 0, 179, 0, 0, 0, 0, 4, 15, 0, 
3/31/2026 9:45:00 PM, 326, 2, 3, 63, 203, 0, 203, 0, 0, 0, 0, 5, 15, 0, 
3/31/2026 10:00:00 PM, 326, 2, 3, 64, 158, 2, 156, 0, 0, 0, 0, 4, 15, 0, 
3/31/2026 10:15:00 PM, 326, 2, 3, 65, 198, 2, 196, 0, 0, 0, 0, 5, 15, 0, 
3/31/2026 10:30:01 PM, 326, 2, 3, 63, 226, 0, 226, 0, 0, 0, 0, 5, 15, 0, 
3/31/2026 10:45:00 PM, 326, 2, 3, 64, 162, 2, 160, 0, 0, 0, 0, 4, 15, 0, 
3/31/2026 11:00:00 PM, 326, 2, 3, 65, 171, 2, 169, 0, 0, 0, 0, 4, 15, 0, 
3/31/2026 11:15:00 PM, 326, 2, 3, 66, 161, 0, 161, 0, 0, 0, 0, 4, 15, 0, 
3/31/2026 11:30:00 PM, 326, 2, 3, 64, 195, 1, 194, 0, 0, 0, 0, 5, 15, 0, 
3/31/2026 11:45:00 PM, 326, 2, 3, 64, 139, 1, 138, 0, 0, 0, 0, 3, 15, 0, 
4/1/2026 12:00:00 AM, 326, 2, 3, 65, 127, 0, 127, 0, 0, 0, 0, 2, 15, 0, 
