DateTimeStamp, RoadwayID, SegmentID, Lane, Speed, Volume, Volume1, Volume2, Volume3, Volume4, Volume5, Volume6, Occupancy, Poll_Count, Failure
10/1/2025 12:00:00 AM, 326, 2, 4, 69, 120, 0, 99, 19, 2, 2, 0, 3, 15, 0, 
10/1/2025 12:15:00 AM, 326, 2, 4, 67, 90, 0, 73, 9, 4, 4, 0, 2, 13, 0, 
10/1/2025 12:30:00 AM, 326, 2, 4, 70, 125, 2, 115, 9, 2, 2, 0, 3, 15, 0, 
10/1/2025 12:45:00 AM, 326, 2, 4, 66, 85, 0, 69, 17, 0, 0, 0, 2, 15, 0, 
10/1/2025 1:00:00 AM, 326, 2, 4, 68, 53, 0, 40, 6, 3, 8, 0, 1, 15, 0, 
10/1/2025 1:15:00 AM, 326, 2, 4, 67, 51, 0, 44, 2, 5, 2, 0, 1, 15, 0, 
10/1/2025 1:30:00 AM, 326, 2, 4, 68, 69, 0, 56, 9, 2, 0, 0, 1, 13, 0, 
10/1/2025 1:45:00 AM, 326, 2, 4, 68, 39, 0, 28, 3, 2, 6, 0, 1, 15, 0, 
10/1/2025 2:00:00 AM, 326, 2, 4, 69, 74, 0, 53, 13, 4, 0, 2, 1, 15, 0, 
10/1/2025 2:15:00 AM, 326, 2, 4, 67, 48, 0, 41, 7, 2, 0, 0, 1, 15, 0, 
10/1/2025 2:30:00 AM, 326, 2, 4, 67, 58, 0, 44, 9, 2, 3, 0, 1, 13, 0, 
10/1/2025 3:00:00 AM, 326, 2, 4, 67, 26, 0, 15, 7, 2, 2, 0, 1, 7, 0, 
10/1/2025 3:15:00 AM, 326, 2, 4, 65, 41, 0, 36, 2, 0, 2, 0, 1, 13, 0, 
10/1/2025 3:30:00 AM, 326, 2, 4, 67, 43, 0, 20, 8, 6, 4, 0, 1, 15, 0, 
10/1/2025 3:45:00 AM, 326, 2, 4, 67, 67, 0, 50, 6, 8, 2, 3, 1, 15, 0, 
10/1/2025 4:00:00 AM, 326, 2, 4, 70, 55, 0, 39, 11, 1, 4, 0, 1, 15, 0, 
10/1/2025 4:15:00 AM, 326, 2, 4, 67, 51, 2, 39, 5, 3, 2, 0, 1, 13, 0, 
10/1/2025 4:30:00 AM, 326, 2, 4, 69, 98, 2, 58, 29, 0, 4, 0, 2, 15, 0, 
10/1/2025 4:45:00 AM, 326, 2, 4, 67, 112, 0, 74, 27, 8, 0, 0, 2, 15, 0, 
10/1/2025 5:00:00 AM, 326, 2, 4, 68, 96, 2, 65, 21, 2, 4, 2, 2, 15, 0, 
10/1/2025 5:15:00 AM, 326, 2, 4, 68, 116, 2, 75, 27, 10, 2, 0, 2, 15, 0, 
10/1/2025 5:30:00 AM, 326, 2, 4, 68, 152, 6, 93, 43, 10, 4, 0, 3, 15, 0, 
10/1/2025 5:45:00 AM, 326, 2, 4, 65, 190, 2, 107, 51, 22, 6, 2, 5, 15, 0, 
10/1/2025 6:00:00 AM, 326, 2, 4, 65, 255, 8, 144, 56, 29, 24, 0, 7, 15, 0, 
10/1/2025 6:15:00 AM, 326, 2, 4, 65, 243, 4, 140, 60, 19, 18, 0, 7, 15, 0, 
10/1/2025 6:30:00 AM, 326, 2, 4, 65, 284, 6, 164, 48, 43, 17, 4, 9, 15, 0, 
10/1/2025 6:45:00 AM, 326, 2, 4, 65, 328, 6, 162, 82, 59, 21, 0, 10, 15, 0, 
10/1/2025 7:00:00 AM, 326, 2, 4, 65, 348, 14, 189, 81, 31, 17, 0, 10, 15, 0, 
10/1/2025 7:15:01 AM, 326, 2, 4, 63, 234, 14, 129, 59, 23, 13, 0, 8, 13, 0, 
10/1/2025 7:30:00 AM, 326, 2, 4, 65, 345, 8, 202, 56, 33, 23, 2, 10, 15, 0, 
10/1/2025 7:45:00 AM, 326, 2, 4, 65, 337, 14, 202, 48, 35, 19, 6, 10, 15, 0, 
10/1/2025 8:00:00 AM, 326, 2, 4, 65, 346, 12, 209, 58, 22, 13, 2, 9, 15, 0, 
10/1/2025 8:15:00 AM, 326, 2, 4, 67, 336, 14, 211, 62, 30, 15, 0, 9, 15, 0, 
10/1/2025 8:30:00 AM, 326, 2, 4, 65, 347, 7, 195, 63, 34, 32, 7, 11, 15, 0, 
10/1/2025 8:45:00 AM, 326, 2, 4, 65, 349, 9, 185, 73, 38, 8, 1, 10, 15, 0, 
10/1/2025 9:00:00 AM, 326, 2, 4, 64, 372, 15, 211, 65, 34, 30, 0, 11, 15, 0, 
10/1/2025 9:15:00 AM, 326, 2, 4, 65, 330, 5, 197, 71, 26, 14, 2, 9, 15, 0, 
10/1/2025 9:30:00 AM, 326, 2, 4, 67, 323, 9, 191, 69, 33, 8, 4, 9, 15, 0, 
10/1/2025 9:45:00 AM, 326, 2, 4, 66, 329, 7, 197, 77, 27, 4, 0, 9, 15, 0, 
10/1/2025 10:00:00 AM, 326, 2, 4, 66, 176, 16, 86, 33, 23, 10, 18, 19, 15, 0, 
10/1/2025 10:15:00 AM, 326, 2, 4, 69, 180, 14, 90, 23, 21, 12, 2, 11, 13, 0, 
10/1/2025 10:30:00 AM, 326, 2, 4, 66, 282, 7, 193, 28, 31, 11, 0, 7, 15, 0, 
10/1/2025 10:45:00 AM, 326, 2, 4, 65, 362, 15, 209, 34, 45, 45, 14, 14, 15, 0, 
10/1/2025 11:00:00 AM, 326, 2, 4, 66, 426, 28, 164, 60, 41, 25, 16, 16, 15, 0, 
10/1/2025 11:15:00 AM, 326, 2, 4, 66, 244, 0, 180, 32, 19, 5, 2, 6, 15, 0, 
10/1/2025 11:30:00 AM, 326, 2, 4, 67, 118, 8, 69, 12, 8, 4, 5, 8, 15, 0, 
10/1/2025 11:45:00 AM, 326, 2, 4, 69, 184, 0, 105, 42, 24, 6, 1, 5, 15, 0, 
10/1/2025 12:00:00 PM, 326, 2, 4, 66, 268, 8, 173, 37, 21, 21, 0, 8, 15, 0, 
10/1/2025 12:15:00 PM, 326, 2, 4, 66, 276, 6, 185, 43, 17, 9, 2, 9, 13, 0, 
10/1/2025 12:30:00 PM, 326, 2, 4, 66, 332, 8, 207, 61, 12, 8, 4, 9, 15, 0, 
10/1/2025 12:45:00 PM, 326, 2, 4, 65, 314, 2, 203, 59, 16, 12, 0, 8, 15, 0, 
10/1/2025 1:00:00 PM, 326, 2, 4, 66, 306, 0, 187, 67, 23, 12, 0, 8, 15, 0, 
10/1/2025 1:15:00 PM, 326, 2, 4, 68, 334, 4, 195, 77, 27, 10, 0, 9, 15, 0, 
10/1/2025 1:30:00 PM, 326, 2, 4, 65, 330, 4, 184, 83, 28, 13, 2, 9, 15, 0, 
10/1/2025 1:45:00 PM, 326, 2, 4, 65, 310, 4, 188, 59, 36, 13, 0, 8, 15, 0, 
10/1/2025 2:00:00 PM, 326, 2, 4, 66, 320, 0, 190, 65, 45, 6, 0, 9, 15, 0, 
10/1/2025 2:15:00 PM, 326, 2, 4, 66, 320, 2, 200, 61, 33, 6, 0, 9, 15, 0, 
10/1/2025 2:30:00 PM, 326, 2, 4, 67, 301, 3, 171, 78, 31, 6, 0, 9, 13, 0, 
10/1/2025 2:45:00 PM, 326, 2, 4, 64, 363, 11, 217, 50, 37, 12, 2, 11, 15, 0, 
10/1/2025 3:00:00 PM, 326, 2, 4, 66, 362, 7, 211, 88, 16, 12, 0, 10, 15, 0, 
10/1/2025 3:15:00 PM, 326, 2, 4, 65, 406, 5, 219, 94, 32, 12, 0, 11, 15, 0, 
10/1/2025 3:30:00 PM, 326, 2, 4, 65, 414, 6, 221, 73, 28, 16, 0, 12, 15, 0, 
10/1/2025 3:45:00 PM, 326, 2, 4, 63, 430, 6, 225, 69, 34, 20, 0, 13, 15, 0, 
10/1/2025 4:00:00 PM, 326, 2, 4, 64, 382, 6, 225, 73, 30, 2, 2, 11, 15, 0, 
10/1/2025 4:15:00 PM, 326, 2, 4, 63, 410, 4, 223, 79, 26, 8, 2, 12, 15, 0, 
10/1/2025 4:30:00 PM, 326, 2, 4, 60, 346, 12, 193, 61, 14, 6, 2, 13, 13, 0, 
10/1/2025 4:45:00 PM, 326, 2, 4, 58, 214, 24, 137, 35, 6, 8, 4, 6, 15, 0, 
10/1/2025 5:00:00 PM, 326, 2, 4, 58, 237, 48, 121, 42, 18, 10, 2, 7, 15, 0, 
10/1/2025 5:15:00 PM, 326, 2, 4, 59, 231, 32, 147, 22, 18, 6, 4, 6, 15, 0, 
10/1/2025 5:30:00 PM, 326, 2, 4, 39, 187, 44, 102, 20, 17, 6, 8, 12, 13, 0, 
10/1/2025 5:45:00 PM, 326, 2, 4, 34, 171, 28, 102, 26, 11, 2, 2, 9, 15, 0, 
10/1/2025 6:00:00 PM, 326, 2, 4, 59, 215, 38, 139, 26, 10, 1, 0, 5, 15, 0, 
10/1/2025 6:15:00 PM, 326, 2, 4, 59, 177, 24, 119, 20, 8, 5, 8, 7, 15, 0, 
10/1/2025 6:30:00 PM, 326, 2, 4, 58, 89, 24, 54, 5, 0, 1, 6, 8, 15, 0, 
10/1/2025 6:45:00 PM, 326, 2, 4, 64, 161, 24, 78, 17, 16, 17, 8, 16, 15, 0, 
10/1/2025 7:00:00 PM, 326, 2, 4, 65, 516, 65, 225, 60, 60, 12, 0, 14, 15, 0, 
10/1/2025 7:15:00 PM, 326, 2, 4, 65, 288, 13, 203, 14, 10, 4, 0, 7, 15, 0, 
10/1/2025 7:30:00 PM, 326, 2, 4, 66, 407, 59, 221, 36, 37, 9, 0, 10, 15, 0, 
10/1/2025 7:45:00 PM, 326, 2, 4, 66, 299, 21, 203, 26, 17, 7, 2, 7, 15, 0, 
10/1/2025 8:00:00 PM, 326, 2, 4, 67, 332, 34, 194, 49, 20, 6, 2, 8, 15, 0, 
10/1/2025 8:15:00 PM, 326, 2, 4, 67, 302, 24, 200, 35, 10, 4, 2, 7, 15, 0, 
10/1/2025 8:30:00 PM, 326, 2, 4, 67, 377, 26, 190, 73, 20, 14, 4, 10, 15, 0, 
10/1/2025 8:45:00 PM, 326, 2, 4, 67, 231, 4, 168, 39, 8, 4, 0, 5, 15, 0, 
10/1/2025 9:00:00 PM, 326, 2, 4, 66, 249, 2, 178, 49, 9, 11, 2, 7, 15, 0, 
10/1/2025 9:15:00 PM, 326, 2, 4, 68, 207, 4, 152, 39, 5, 3, 0, 5, 15, 0, 
10/1/2025 9:30:00 PM, 326, 2, 4, 67, 204, 4, 169, 19, 10, 5, 0, 6, 13, 0, 
10/1/2025 9:45:00 PM, 326, 2, 4, 67, 180, 2, 141, 21, 6, 7, 0, 5, 15, 0, 
10/1/2025 10:00:00 PM, 326, 2, 4, 67, 160, 2, 124, 23, 4, 5, 0, 4, 15, 0, 
10/1/2025 10:15:00 PM, 326, 2, 4, 66, 162, 2, 116, 25, 10, 5, 0, 4, 15, 0, 
10/1/2025 10:30:00 PM, 326, 2, 4, 69, 216, 4, 163, 34, 13, 6, 0, 5, 15, 0, 
10/1/2025 10:45:00 PM, 326, 2, 4, 69, 166, 0, 129, 32, 9, 2, 0, 4, 15, 0, 
10/1/2025 11:00:00 PM, 326, 2, 4, 68, 154, 4, 112, 21, 10, 3, 0, 4, 15, 0, 
10/1/2025 11:15:00 PM, 326, 2, 4, 68, 162, 6, 128, 21, 2, 5, 0, 4, 15, 0, 
10/1/2025 11:30:00 PM, 326, 2, 4, 68, 161, 0, 122, 33, 4, 6, 0, 4, 15, 0, 
10/1/2025 11:45:00 PM, 326, 2, 4, 69, 131, 6, 98, 21, 0, 4, 2, 3, 15, 0, 
10/2/2025 12:00:00 AM, 326, 2, 4, 69, 100, 0, 80, 14, 4, 2, 0, 2, 15, 0, 
10/2/2025 12:15:00 AM, 326, 2, 4, 67, 108, 0, 82, 8, 8, 4, 4, 3, 15, 0, 
10/2/2025 12:30:00 AM, 326, 2, 4, 70, 105, 0, 102, 5, 4, 0, 0, 2, 13, 0, 
10/2/2025 12:45:00 AM, 326, 2, 4, 70, 63, 0, 52, 9, 2, 0, 0, 1, 15, 0, 
10/2/2025 1:00:00 AM, 326, 2, 4, 69, 68, 0, 56, 12, 2, 0, 0, 1, 15, 0, 
10/2/2025 1:15:00 AM, 326, 2, 4, 67, 56, 0, 42, 16, 2, 0, 0, 1, 15, 0, 
10/2/2025 1:30:00 AM, 326, 2, 4, 69, 45, 0, 38, 3, 0, 6, 0, 1, 13, 0, 
10/2/2025 1:45:00 AM, 326, 2, 4, 68, 39, 0, 28, 9, 2, 0, 0, 0, 15, 0, 
10/2/2025 2:00:00 AM, 326, 2, 4, 68, 54, 2, 46, 6, 2, 2, 0, 1, 15, 0, 
10/2/2025 2:15:01 AM, 326, 2, 4, 70, 48, 0, 38, 10, 0, 0, 0, 0, 15, 0, 
10/2/2025 2:30:00 AM, 326, 2, 4, 71, 45, 0, 36, 7, 2, 0, 0, 1, 15, 0, 
10/2/2025 3:00:00 AM, 326, 2, 4, 68, 26, 0, 18, 3, 2, 1, 0, 1, 7, 0, 
10/2/2025 3:15:00 AM, 326, 2, 4, 70, 28, 0, 24, 2, 0, 2, 0, 0, 15, 0, 
10/2/2025 3:30:00 AM, 326, 2, 4, 69, 44, 0, 36, 8, 2, 0, 0, 1, 13, 0, 
10/2/2025 3:45:00 AM, 326, 2, 4, 65, 42, 3, 27, 8, 2, 4, 0, 1, 15, 0, 
10/2/2025 4:00:00 AM, 326, 2, 4, 69, 69, 0, 49, 12, 6, 2, 0, 1, 15, 0, 
10/2/2025 4:15:00 AM, 326, 2, 4, 69, 71, 0, 49, 12, 10, 2, 0, 1, 15, 0, 
10/2/2025 4:30:00 AM, 326, 2, 4, 71, 83, 0, 73, 11, 2, 0, 0, 2, 13, 0, 
10/2/2025 4:45:00 AM, 326, 2, 4, 70, 109, 0, 71, 27, 6, 6, 2, 3, 15, 0, 
10/2/2025 5:00:00 AM, 326, 2, 4, 70, 119, 0, 75, 31, 12, 2, 2, 3, 15, 0, 
10/2/2025 5:15:00 AM, 326, 2, 4, 66, 129, 4, 91, 15, 18, 2, 0, 3, 15, 0, 
10/2/2025 5:30:00 AM, 326, 2, 4, 67, 151, 0, 81, 53, 9, 4, 0, 4, 13, 0, 
10/2/2025 5:45:00 AM, 326, 2, 4, 66, 217, 2, 111, 63, 21, 14, 2, 7, 15, 0, 
10/2/2025 6:00:00 AM, 326, 2, 4, 66, 272, 4, 153, 59, 33, 23, 0, 8, 15, 0, 
10/2/2025 6:15:00 AM, 326, 2, 4, 64, 240, 4, 131, 67, 15, 17, 0, 7, 15, 0, 
10/2/2025 6:30:00 AM, 326, 2, 4, 66, 293, 6, 178, 56, 37, 9, 0, 8, 15, 0, 
10/2/2025 6:45:00 AM, 326, 2, 4, 66, 303, 8, 172, 76, 33, 13, 0, 9, 15, 0, 
10/2/2025 7:00:00 AM, 326, 2, 4, 65, 298, 16, 159, 78, 23, 20, 0, 9, 15, 0, 
10/2/2025 7:15:00 AM, 326, 2, 4, 63, 312, 10, 167, 82, 35, 10, 2, 9, 15, 0, 
10/2/2025 7:30:00 AM, 326, 2, 4, 64, 295, 4, 183, 55, 34, 3, 0, 9, 13, 0, 
10/2/2025 7:45:00 AM, 326, 2, 4, 65, 363, 10, 211, 81, 26, 13, 0, 10, 15, 0, 
10/2/2025 8:00:00 AM, 326, 2, 4, 64, 394, 11, 219, 74, 35, 14, 0, 11, 15, 0, 
10/2/2025 8:15:00 AM, 326, 2, 4, 65, 352, 7, 207, 66, 33, 18, 2, 10, 15, 0, 
10/2/2025 8:30:00 AM, 326, 2, 4, 65, 327, 10, 183, 45, 37, 23, 0, 11, 13, 0, 
10/2/2025 8:45:00 AM, 326, 2, 4, 65, 361, 4, 199, 87, 41, 19, 2, 11, 15, 0, 
10/2/2025 9:00:01 AM, 326, 2, 4, 65, 378, 3, 203, 84, 30, 14, 3, 11, 15, 0, 
10/2/2025 9:15:00 AM, 326, 2, 4, 66, 314, 7, 189, 58, 20, 20, 1, 9, 15, 0, 
10/2/2025 9:30:00 AM, 326, 2, 4, 66, 262, 6, 168, 54, 18, 10, 2, 8, 14, 0, 
10/2/2025 9:45:00 AM, 326, 2, 4, 68, 196, 8, 88, 46, 16, 14, 14, 15, 14, 0, 
10/2/2025 10:00:00 AM, 326, 2, 4, 67, 259, 9, 107, 28, 41, 36, 38, 24, 15, 0, 
10/2/2025 10:15:00 AM, 326, 2, 4, 67, 239, 5, 167, 12, 21, 10, 0, 7, 15, 0, 
10/2/2025 10:30:00 AM, 326, 2, 4, 67, 266, 9, 198, 22, 19, 7, 7, 9, 15, 0, 
10/2/2025 10:45:00 AM, 326, 2, 4, 66, 138, 19, 84, 10, 3, 3, 17, 13, 13, 0, 
10/2/2025 11:00:00 AM, 326, 2, 4, 67, 201, 11, 143, 18, 10, 10, 0, 5, 15, 0, 
10/2/2025 11:15:00 AM, 326, 2, 4, 68, 245, 9, 169, 44, 16, 4, 0, 8, 15, 0, 
10/2/2025 11:30:00 AM, 326, 2, 4, 67, 273, 3, 178, 62, 16, 8, 1, 7, 15, 0, 
10/2/2025 11:45:00 AM, 326, 2, 4, 67, 305, 7, 200, 48, 26, 14, 1, 8, 15, 0, 
10/2/2025 12:00:00 PM, 326, 2, 4, 67, 275, 5, 176, 45, 23, 18, 2, 8, 15, 0, 
10/2/2025 12:15:00 PM, 326, 2, 4, 68, 281, 5, 184, 63, 23, 6, 0, 7, 15, 0, 
10/2/2025 12:30:00 PM, 326, 2, 4, 67, 279, 4, 181, 59, 26, 11, 0, 7, 15, 0, 
10/2/2025 12:45:00 PM, 326, 2, 4, 69, 237, 0, 165, 41, 18, 11, 2, 8, 13, 0, 
10/2/2025 1:00:00 PM, 326, 2, 4, 67, 284, 0, 173, 52, 44, 10, 4, 8, 15, 0, 
10/2/2025 1:15:00 PM, 326, 2, 4, 67, 296, 4, 169, 62, 32, 26, 0, 8, 15, 0, 
10/2/2025 1:30:00 PM, 326, 2, 4, 67, 286, 7, 168, 61, 30, 20, 4, 9, 15, 0, 
10/2/2025 1:45:00 PM, 326, 2, 4, 66, 344, 19, 176, 85, 36, 20, 2, 10, 15, 0, 
10/2/2025 2:00:00 PM, 326, 2, 4, 67, 324, 3, 185, 72, 37, 13, 6, 10, 15, 0, 
10/2/2025 2:15:00 PM, 326, 2, 4, 65, 376, 7, 189, 92, 59, 17, 0, 11, 15, 0, 
10/2/2025 2:30:00 PM, 326, 2, 4, 64, 372, 4, 215, 66, 38, 24, 0, 11, 15, 0, 
10/2/2025 2:45:00 PM, 326, 2, 4, 63, 326, 10, 183, 62, 16, 28, 6, 12, 13, 0, 
10/2/2025 3:00:00 PM, 326, 2, 4, 63, 390, 2, 219, 89, 27, 12, 2, 11, 15, 0, 
10/2/2025 3:15:00 PM, 326, 2, 4, 64, 384, 8, 217, 103, 27, 10, 4, 11, 15, 0, 
10/2/2025 3:30:00 PM, 326, 2, 4, 64, 384, 10, 215, 84, 34, 12, 0, 12, 15, 0, 
10/2/2025 3:45:00 PM, 326, 2, 4, 63, 428, 4, 223, 72, 36, 14, 0, 13, 15, 0, 
10/2/2025 4:00:00 PM, 326, 2, 4, 64, 413, 8, 217, 84, 52, 14, 2, 12, 15, 0, 
10/2/2025 4:15:00 PM, 326, 2, 4, 63, 415, 2, 225, 84, 30, 16, 2, 12, 15, 0, 
10/2/2025 4:30:00 PM, 326, 2, 4, 61, 402, 5, 215, 95, 37, 8, 3, 12, 15, 0, 
10/2/2025 4:45:00 PM, 326, 2, 4, 57, 402, 11, 195, 73, 29, 12, 1, 14, 13, 0, 
10/2/2025 5:00:00 PM, 326, 2, 4, 29, 354, 6, 159, 112, 49, 24, 4, 29, 15, 0, 
10/2/2025 5:15:00 PM, 326, 2, 4, 23, 298, 4, 127, 112, 39, 18, 0, 31, 15, 0, 
10/2/2025 5:30:00 PM, 326, 2, 4, 20, 280, 21, 132, 76, 27, 14, 4, 33, 15, 0, 
10/2/2025 5:45:00 PM, 326, 2, 4, 24, 250, 27, 120, 66, 27, 10, 4, 24, 13, 0, 
10/2/2025 6:00:00 PM, 326, 2, 4, 38, 247, 46, 137, 43, 14, 10, 2, 12, 15, 0, 
10/2/2025 6:15:00 PM, 326, 2, 4, 57, 233, 14, 141, 39, 16, 14, 8, 8, 15, 0, 
10/2/2025 6:30:00 PM, 326, 2, 4, 61, 247, 13, 167, 43, 4, 6, 0, 7, 15, 0, 
10/2/2025 6:45:00 PM, 326, 2, 4, 62, 131, 19, 51, 13, 4, 8, 28, 22, 15, 0, 
10/2/2025 7:00:00 PM, 326, 2, 4, 66, 537, 62, 159, 61, 101, 44, 36, 28, 13, 0, 
10/2/2025 7:15:00 PM, 326, 2, 4, 65, 369, 12, 225, 29, 31, 10, 2, 10, 15, 0, 
10/2/2025 7:30:00 PM, 326, 2, 4, 66, 266, 9, 195, 25, 14, 6, 0, 7, 15, 0, 
10/2/2025 7:45:00 PM, 326, 2, 4, 66, 300, 15, 203, 41, 18, 8, 0, 7, 15, 0, 
10/2/2025 8:00:00 PM, 326, 2, 4, 68, 247, 24, 161, 31, 18, 6, 0, 6, 13, 0, 
10/2/2025 8:15:00 PM, 326, 2, 4, 67, 273, 24, 195, 31, 12, 2, 0, 6, 15, 0, 
10/2/2025 8:30:00 PM, 326, 2, 4, 68, 402, 23, 215, 29, 41, 14, 1, 10, 15, 0, 
10/2/2025 8:45:00 PM, 326, 2, 4, 67, 330, 21, 195, 37, 27, 14, 3, 9, 15, 0, 
10/2/2025 9:00:00 PM, 326, 2, 4, 67, 172, 3, 121, 37, 9, 2, 0, 5, 13, 0, 
10/2/2025 9:15:00 PM, 326, 2, 4, 67, 232, 5, 177, 43, 11, 4, 0, 5, 15, 0, 
10/2/2025 9:30:00 PM, 326, 2, 4, 66, 189, 3, 137, 33, 10, 3, 0, 5, 15, 0, 
10/2/2025 9:45:00 PM, 326, 2, 4, 68, 175, 3, 139, 21, 4, 1, 2, 4, 15, 0, 
10/2/2025 10:00:00 PM, 326, 2, 4, 67, 187, 0, 152, 20, 9, 2, 0, 5, 13, 0, 
10/2/2025 10:15:00 PM, 326, 2, 4, 68, 169, 2, 118, 30, 13, 2, 0, 4, 15, 0, 
10/2/2025 10:30:00 PM, 326, 2, 4, 67, 210, 7, 152, 36, 13, 2, 2, 5, 15, 0, 
10/2/2025 10:45:00 PM, 326, 2, 4, 68, 180, 3, 158, 20, 5, 2, 0, 4, 15, 0, 
10/2/2025 11:00:00 PM, 326, 2, 4, 68, 149, 0, 113, 24, 4, 6, 0, 3, 15, 0, 
10/2/2025 11:15:00 PM, 326, 2, 4, 68, 145, 0, 123, 16, 4, 4, 0, 3, 15, 0, 
10/2/2025 11:30:00 PM, 326, 2, 4, 68, 154, 0, 124, 22, 4, 4, 0, 3, 15, 0, 
10/2/2025 11:45:00 PM, 326, 2, 4, 68, 148, 8, 116, 18, 12, 4, 0, 3, 15, 0, 
10/3/2025 12:00:00 AM, 326, 2, 4, 69, 145, 2, 129, 11, 3, 0, 0, 3, 15, 0, 
10/3/2025 12:15:00 AM, 326, 2, 4, 69, 89, 0, 79, 9, 3, 0, 0, 1, 15, 0, 
10/3/2025 12:30:00 AM, 326, 2, 4, 69, 149, 0, 119, 22, 8, 0, 0, 3, 15, 0, 
10/3/2025 12:45:00 AM, 326, 2, 4, 69, 87, 0, 69, 10, 4, 2, 0, 2, 15, 0, 
10/3/2025 1:00:00 AM, 326, 2, 4, 69, 81, 4, 72, 6, 1, 2, 0, 2, 15, 0, 
10/3/2025 1:15:00 AM, 326, 2, 4, 67, 61, 2, 44, 8, 1, 2, 2, 1, 13, 0, 
10/3/2025 1:30:00 AM, 326, 2, 4, 70, 78, 0, 63, 9, 2, 4, 0, 1, 15, 0, 
10/3/2025 1:45:00 AM, 326, 2, 4, 67, 74, 0, 67, 5, 0, 2, 0, 1, 15, 0, 
10/3/2025 2:00:00 AM, 326, 2, 4, 68, 46, 0, 35, 5, 2, 4, 0, 1, 15, 0, 
10/3/2025 2:15:00 AM, 326, 2, 4, 68, 64, 0, 49, 11, 4, 0, 0, 1, 15, 0, 
10/3/2025 2:30:01 AM, 326, 2, 4, 69, 64, 0, 58, 6, 0, 0, 0, 1, 15, 0, 
10/3/2025 3:00:00 AM, 326, 2, 4, 65, 24, 0, 19, 4, 1, 0, 0, 1, 7, 0, 
10/3/2025 3:15:00 AM, 326, 2, 4, 67, 67, 0, 46, 13, 4, 0, 2, 1, 15, 0, 
10/3/2025 3:30:00 AM, 326, 2, 4, 65, 59, 0, 46, 5, 4, 4, 0, 1, 15, 0, 
10/3/2025 3:45:00 AM, 326, 2, 4, 64, 75, 1, 62, 8, 6, 0, 0, 1, 15, 0, 
10/3/2025 4:00:00 AM, 326, 2, 4, 71, 56, 0, 38, 14, 4, 6, 2, 1, 13, 0, 
10/3/2025 4:15:00 AM, 326, 2, 4, 69, 68, 0, 50, 8, 10, 2, 0, 1, 15, 0, 
10/3/2025 4:30:00 AM, 326, 2, 4, 68, 106, 0, 90, 11, 1, 4, 0, 2, 15, 0, 
10/3/2025 4:45:00 AM, 326, 2, 4, 66, 98, 0, 62, 21, 9, 4, 2, 3, 15, 0, 
10/3/2025 5:00:01 AM, 326, 2, 4, 71, 122, 0, 76, 36, 12, 0, 0, 3, 15, 0, 
10/3/2025 5:15:00 AM, 326, 2, 4, 68, 132, 2, 80, 40, 14, 0, 0, 3, 15, 0, 
10/3/2025 5:30:00 AM, 326, 2, 4, 66, 166, 2, 99, 45, 12, 4, 2, 4, 15, 0, 
10/3/2025 5:45:00 AM, 326, 2, 4, 66, 164, 2, 89, 41, 16, 14, 0, 5, 15, 0, 
10/3/2025 6:00:00 AM, 326, 2, 4, 65, 182, 0, 109, 48, 24, 6, 2, 6, 13, 0, 
10/3/2025 6:15:00 AM, 326, 2, 4, 66, 222, 4, 141, 46, 14, 12, 0, 6, 15, 0, 
10/3/2025 6:30:00 AM, 326, 2, 4, 65, 298, 10, 167, 83, 31, 9, 0, 9, 15, 0, 
10/3/2025 6:45:00 AM, 326, 2, 4, 66, 304, 4, 163, 69, 47, 15, 4, 10, 15, 0, 
10/3/2025 7:00:00 AM, 326, 2, 4, 65, 316, 4, 169, 72, 48, 13, 0, 10, 13, 0, 
10/3/2025 7:15:00 AM, 326, 2, 4, 65, 328, 8, 169, 76, 46, 21, 0, 10, 15, 0, 
10/3/2025 7:30:00 AM, 326, 2, 4, 66, 364, 6, 203, 80, 46, 21, 0, 10, 15, 0, 
10/3/2025 7:45:00 AM, 326, 2, 4, 65, 412, 2, 221, 92, 40, 17, 2, 12, 15, 0, 
10/3/2025 8:00:00 AM, 326, 2, 4, 64, 371, 6, 189, 60, 60, 27, 3, 12, 15, 0, 
10/3/2025 8:15:00 AM, 326, 2, 4, 64, 329, 10, 183, 78, 34, 21, 3, 10, 15, 0, 
10/3/2025 8:30:00 AM, 326, 2, 4, 66, 319, 10, 203, 59, 38, 10, 0, 9, 15, 0, 
10/3/2025 8:45:00 AM, 326, 2, 4, 63, 369, 4, 209, 69, 44, 20, 0, 12, 15, 0, 
10/3/2025 9:00:00 AM, 326, 2, 4, 65, 247, 7, 146, 47, 17, 8, 0, 7, 13, 0, 
10/3/2025 9:15:00 AM, 326, 2, 4, 58, 317, 9, 186, 73, 33, 10, 0, 10, 15, 0, 
10/3/2025 9:30:00 AM, 326, 2, 4, 65, 250, 2, 174, 26, 27, 15, 0, 7, 15, 0, 
10/3/2025 9:45:00 AM, 326, 2, 4, 68, 236, 2, 166, 42, 15, 11, 0, 6, 15, 0, 
10/3/2025 10:00:00 AM, 326, 2, 4, 66, 142, 10, 80, 14, 6, 22, 12, 16, 15, 0, 
10/3/2025 10:15:00 AM, 326, 2, 4, 69, 122, 14, 78, 16, 4, 4, 8, 12, 15, 0, 
10/3/2025 10:30:00 AM, 326, 2, 4, 68, 312, 30, 201, 42, 6, 6, 0, 7, 15, 0, 
10/3/2025 10:45:00 AM, 326, 2, 4, 66, 264, 12, 201, 18, 10, 4, 0, 6, 15, 0, 
10/3/2025 11:00:00 AM, 326, 2, 4, 66, 191, 12, 104, 16, 32, 16, 4, 13, 13, 0, 
10/3/2025 11:15:00 AM, 326, 2, 4, 67, 253, 14, 132, 24, 14, 18, 6, 11, 15, 0, 
10/3/2025 11:30:00 AM, 326, 2, 4, 66, 326, 7, 218, 60, 15, 8, 0, 8, 15, 0, 
10/3/2025 11:45:00 AM, 326, 2, 4, 66, 300, 3, 210, 44, 21, 6, 2, 8, 15, 0, 
10/3/2025 12:00:00 PM, 326, 2, 4, 66, 262, 5, 175, 55, 15, 8, 0, 8, 13, 0, 
10/3/2025 12:15:01 PM, 326, 2, 4, 65, 302, 3, 199, 65, 25, 10, 2, 8, 15, 0, 
10/3/2025 12:30:00 PM, 326, 2, 4, 66, 310, 8, 199, 52, 26, 11, 0, 8, 15, 0, 
10/3/2025 12:45:00 PM, 326, 2, 4, 66, 272, 4, 195, 44, 32, 5, 0, 7, 15, 0, 
10/3/2025 1:00:00 PM, 326, 2, 4, 66, 266, 2, 178, 52, 19, 9, 0, 8, 13, 0, 
10/3/2025 1:15:00 PM, 326, 2, 4, 66, 314, 10, 196, 64, 29, 11, 0, 9, 15, 0, 
10/3/2025 1:30:00 PM, 326, 2, 4, 65, 344, 11, 201, 74, 36, 19, 2, 10, 15, 0, 
10/3/2025 1:45:00 PM, 326, 2, 4, 65, 346, 1, 215, 60, 32, 15, 0, 9, 15, 0, 
10/3/2025 2:00:00 PM, 326, 2, 4, 66, 362, 4, 219, 95, 26, 6, 0, 9, 15, 0, 
10/3/2025 2:15:00 PM, 326, 2, 4, 65, 350, 8, 213, 63, 20, 6, 0, 9, 15, 0, 
10/3/2025 2:30:00 PM, 326, 2, 4, 65, 348, 5, 209, 55, 23, 14, 0, 10, 15, 0, 
10/3/2025 2:45:00 PM, 326, 2, 4, 64, 342, 9, 205, 61, 19, 16, 0, 10, 15, 0, 
10/3/2025 3:00:00 PM, 326, 2, 4, 64, 370, 14, 213, 72, 29, 16, 2, 11, 15, 0, 
10/3/2025 3:15:00 PM, 326, 2, 4, 64, 380, 4, 195, 74, 27, 10, 2, 12, 13, 0, 
10/3/2025 3:30:00 PM, 326, 2, 4, 63, 359, 8, 217, 70, 31, 4, 2, 10, 15, 0, 
10/3/2025 3:45:00 PM, 326, 2, 4, 61, 363, 20, 209, 60, 25, 16, 0, 10, 15, 0, 
10/3/2025 4:00:00 PM, 326, 2, 4, 62, 331, 41, 192, 62, 14, 13, 1, 9, 15, 0, 
10/3/2025 4:15:00 PM, 326, 2, 4, 61, 331, 29, 186, 76, 18, 11, 1, 11, 13, 0, 
10/3/2025 4:30:00 PM, 326, 2, 4, 59, 409, 28, 215, 65, 30, 10, 0, 12, 15, 0, 
10/3/2025 4:45:00 PM, 326, 2, 4, 62, 367, 26, 207, 49, 32, 8, 0, 10, 15, 0, 
10/3/2025 5:00:00 PM, 326, 2, 4, 60, 299, 10, 163, 56, 18, 7, 14, 16, 15, 0, 
10/3/2025 5:15:00 PM, 326, 2, 4, 59, 173, 6, 81, 34, 16, 7, 18, 18, 13, 0, 
10/3/2025 5:30:00 PM, 326, 2, 4, 61, 91, 8, 27, 11, 17, 14, 17, 13, 15, 0, 
10/3/2025 5:45:00 PM, 326, 2, 4, 60, 267, 20, 91, 43, 59, 30, 27, 22, 15, 0, 
10/3/2025 6:00:00 PM, 326, 2, 4, 57, 244, 14, 121, 27, 16, 20, 42, 24, 15, 0, 
10/3/2025 6:15:00 PM, 326, 2, 4, 60, 148, 22, 101, 17, 0, 4, 0, 3, 15, 0, 
10/3/2025 6:30:00 PM, 326, 2, 4, 60, 308, 15, 212, 38, 19, 12, 4, 10, 15, 0, 
10/3/2025 6:45:00 PM, 326, 2, 4, 62, 320, 5, 204, 46, 49, 4, 0, 9, 15, 0, 
10/3/2025 7:00:00 PM, 326, 2, 4, 63, 324, 2, 201, 63, 28, 17, 2, 9, 15, 0, 
10/3/2025 7:15:00 PM, 326, 2, 4, 63, 246, 2, 153, 55, 14, 13, 0, 8, 13, 0, 
10/3/2025 7:30:00 PM, 326, 2, 4, 61, 316, 4, 199, 41, 51, 8, 0, 9, 15, 0, 
10/3/2025 7:45:00 PM, 326, 2, 4, 65, 302, 4, 211, 49, 15, 8, 0, 8, 15, 0, 
10/3/2025 8:00:00 PM, 326, 2, 4, 66, 260, 6, 183, 23, 13, 15, 2, 7, 15, 0, 
10/3/2025 8:15:00 PM, 326, 2, 4, 65, 296, 4, 189, 51, 19, 11, 0, 8, 15, 0, 
10/3/2025 8:30:00 PM, 326, 2, 4, 65, 264, 0, 200, 32, 12, 6, 0, 7, 15, 0, 
10/3/2025 8:45:00 PM, 326, 2, 4, 66, 298, 8, 186, 48, 30, 18, 0, 9, 15, 0, 
10/3/2025 9:00:00 PM, 326, 2, 4, 66, 292, 4, 196, 53, 19, 8, 0, 8, 15, 0, 
10/3/2025 9:15:00 PM, 326, 2, 4, 66, 278, 6, 190, 37, 35, 4, 0, 7, 15, 0, 
10/3/2025 9:30:00 PM, 326, 2, 4, 66, 269, 0, 188, 50, 14, 6, 2, 7, 15, 0, 
10/3/2025 9:45:00 PM, 326, 2, 4, 65, 253, 6, 172, 42, 24, 10, 0, 8, 15, 0, 
10/3/2025 10:00:00 PM, 326, 2, 4, 65, 241, 4, 174, 40, 19, 6, 0, 6, 15, 0, 
10/3/2025 10:15:00 PM, 326, 2, 4, 66, 271, 4, 186, 56, 15, 4, 0, 7, 15, 0, 
10/3/2025 10:30:00 PM, 326, 2, 4, 67, 226, 0, 160, 41, 9, 2, 0, 7, 13, 0, 
10/3/2025 10:45:00 PM, 326, 2, 4, 66, 258, 2, 204, 33, 13, 4, 0, 7, 15, 0, 
10/3/2025 11:00:00 PM, 326, 2, 4, 66, 246, 4, 177, 45, 23, 3, 0, 6, 15, 0, 
10/3/2025 11:15:00 PM, 326, 2, 4, 67, 242, 2, 179, 29, 25, 5, 0, 6, 15, 0, 
10/3/2025 11:30:00 PM, 326, 2, 4, 68, 205, 5, 146, 22, 25, 2, 0, 5, 13, 0, 
10/3/2025 11:45:00 PM, 326, 2, 4, 68, 245, 5, 182, 34, 13, 2, 0, 6, 15, 0, 
10/4/2025 12:00:00 AM, 326, 2, 4, 69, 212, 2, 159, 46, 7, 2, 0, 5, 15, 0, 
10/4/2025 12:15:00 AM, 326, 2, 4, 68, 192, 4, 143, 28, 15, 6, 0, 5, 15, 0, 
10/4/2025 12:30:00 AM, 326, 2, 4, 68, 205, 4, 153, 37, 12, 0, 0, 5, 15, 0, 
10/4/2025 12:45:00 AM, 326, 2, 4, 68, 173, 0, 137, 29, 6, 2, 0, 4, 15, 0, 
10/4/2025 1:00:00 AM, 326, 2, 4, 67, 134, 0, 93, 28, 10, 2, 0, 3, 15, 0, 
10/4/2025 1:15:00 AM, 326, 2, 4, 67, 130, 0, 95, 22, 10, 4, 0, 3, 15, 0, 
10/4/2025 1:30:00 AM, 326, 2, 4, 67, 109, 3, 81, 13, 10, 0, 0, 3, 13, 0, 
10/4/2025 1:45:00 AM, 326, 2, 4, 68, 115, 1, 95, 15, 6, 2, 0, 2, 15, 0, 
10/4/2025 2:00:00 AM, 326, 2, 4, 66, 92, 0, 75, 10, 4, 3, 0, 2, 15, 0, 
10/4/2025 2:15:00 AM, 326, 2, 4, 68, 98, 0, 87, 16, 2, 3, 0, 2, 15, 0, 
10/4/2025 2:30:00 AM, 326, 2, 4, 69, 96, 2, 75, 13, 2, 0, 0, 2, 15, 0, 
10/4/2025 3:00:00 AM, 326, 2, 4, 68, 30, 0, 28, 1, 1, 0, 0, 1, 7, 0, 
10/4/2025 3:15:00 AM, 326, 2, 4, 67, 76, 0, 63, 10, 0, 0, 3, 2, 15, 0, 
10/4/2025 3:30:00 AM, 326, 2, 4, 69, 86, 0, 73, 6, 6, 0, 1, 2, 15, 0, 
10/4/2025 3:45:00 AM, 326, 2, 4, 66, 84, 0, 69, 13, 4, 0, 0, 2, 15, 0, 
10/4/2025 4:00:00 AM, 326, 2, 4, 68, 108, 2, 91, 12, 3, 0, 0, 2, 15, 0, 
10/4/2025 4:15:00 AM, 326, 2, 4, 68, 64, 0, 43, 12, 7, 0, 2, 1, 13, 0, 
10/4/2025 4:30:00 AM, 326, 2, 4, 70, 93, 0, 66, 11, 9, 0, 0, 2, 15, 0, 
10/4/2025 4:45:00 AM, 326, 2, 4, 67, 73, 0, 64, 9, 5, 0, 0, 1, 15, 0, 
10/4/2025 5:00:00 AM, 326, 2, 4, 67, 96, 2, 72, 14, 4, 4, 0, 2, 15, 0, 
10/4/2025 5:15:00 AM, 326, 2, 4, 68, 86, 2, 64, 16, 6, 0, 0, 2, 15, 0, 
10/4/2025 5:30:00 AM, 326, 2, 4, 65, 91, 4, 70, 14, 7, 0, 0, 2, 15, 0, 
10/4/2025 5:45:00 AM, 326, 2, 4, 66, 127, 2, 76, 30, 15, 4, 0, 3, 15, 0, 
10/4/2025 6:00:00 AM, 326, 2, 4, 67, 128, 1, 89, 22, 16, 2, 0, 3, 15, 0, 
10/4/2025 6:15:00 AM, 326, 2, 4, 65, 166, 3, 105, 40, 16, 2, 0, 4, 15, 0, 
10/4/2025 6:30:00 AM, 326, 2, 4, 67, 156, 1, 110, 38, 13, 2, 0, 4, 13, 0, 
10/4/2025 6:45:00 AM, 326, 2, 4, 67, 210, 7, 128, 50, 17, 8, 0, 5, 15, 0, 
10/4/2025 7:00:00 AM, 326, 2, 4, 67, 195, 2, 120, 47, 17, 8, 0, 5, 15, 0, 
10/4/2025 7:15:00 AM, 326, 2, 4, 67, 181, 0, 118, 31, 25, 8, 0, 5, 15, 0, 
10/4/2025 7:30:00 AM, 326, 2, 4, 68, 217, 0, 149, 48, 6, 12, 2, 7, 13, 0, 
10/4/2025 7:45:01 AM, 326, 2, 4, 67, 281, 2, 167, 52, 38, 10, 0, 7, 15, 0, 
10/4/2025 8:00:00 AM, 326, 2, 4, 67, 291, 8, 191, 53, 29, 8, 0, 8, 15, 0, 
10/4/2025 8:15:00 AM, 326, 2, 4, 68, 243, 6, 159, 47, 21, 12, 0, 6, 15, 0, 
10/4/2025 8:30:00 AM, 326, 2, 4, 69, 243, 0, 157, 60, 28, 2, 0, 7, 13, 0, 
10/4/2025 8:45:01 AM, 326, 2, 4, 66, 319, 6, 181, 70, 32, 6, 0, 9, 15, 0, 
10/4/2025 9:00:00 AM, 326, 2, 4, 66, 278, 5, 169, 48, 39, 21, 0, 8, 15, 0, 
10/4/2025 9:15:00 AM, 326, 2, 4, 67, 280, 5, 181, 64, 19, 11, 0, 8, 15, 0, 
10/4/2025 9:30:00 AM, 326, 2, 4, 66, 250, 1, 165, 30, 32, 14, 0, 8, 13, 0, 
10/4/2025 9:45:00 AM, 326, 2, 4, 68, 348, 5, 201, 90, 26, 12, 0, 9, 15, 0, 
10/4/2025 10:00:00 AM, 326, 2, 4, 68, 292, 9, 205, 49, 25, 8, 0, 7, 15, 0, 
10/4/2025 10:15:00 AM, 326, 2, 4, 67, 288, 7, 191, 59, 23, 6, 0, 7, 15, 0, 
10/4/2025 10:30:00 AM, 326, 2, 4, 67, 284, 10, 183, 48, 35, 8, 0, 7, 15, 0, 
10/4/2025 10:45:00 AM, 326, 2, 4, 67, 258, 0, 187, 54, 13, 4, 0, 6, 15, 0, 
10/4/2025 11:00:00 AM, 326, 2, 4, 66, 313, 8, 183, 76, 23, 9, 0, 9, 15, 0, 
10/4/2025 11:15:00 AM, 326, 2, 4, 67, 345, 16, 133, 42, 29, 37, 76, 30, 15, 0, 
10/4/2025 11:30:00 AM, 326, 2, 4, 64, 237, 16, 119, 31, 13, 31, 20, 18, 13, 0, 
10/4/2025 11:45:00 AM, 326, 2, 4, 67, 335, 4, 155, 47, 45, 45, 38, 17, 15, 0, 
10/4/2025 12:00:00 PM, 326, 2, 4, 67, 289, 9, 213, 33, 8, 3, 0, 7, 15, 0, 
10/4/2025 12:15:00 PM, 326, 2, 4, 65, 637, 51, 205, 65, 144, 93, 24, 28, 15, 0, 
10/4/2025 12:30:00 PM, 326, 2, 4, 66, 403, 37, 113, 80, 54, 27, 20, 31, 13, 0, 
10/4/2025 12:45:00 PM, 326, 2, 4, 65, 235, 13, 161, 22, 4, 7, 6, 8, 15, 0, 
10/4/2025 1:00:00 PM, 326, 2, 4, 67, 316, 12, 206, 57, 13, 2, 0, 7, 15, 0, 
10/4/2025 1:15:00 PM, 326, 2, 4, 67, 320, 8, 208, 41, 27, 10, 0, 8, 15, 0, 
10/4/2025 1:30:00 PM, 326, 2, 4, 67, 283, 3, 174, 58, 22, 11, 0, 8, 13, 0, 
10/4/2025 1:45:00 PM, 326, 2, 4, 67, 187, 13, 110, 34, 12, 5, 10, 13, 15, 0, 
10/4/2025 2:00:00 PM, 326, 2, 4, 67, 266, 9, 169, 46, 16, 12, 4, 9, 15, 0, 
10/4/2025 2:15:00 PM, 326, 2, 4, 68, 174, 3, 113, 30, 10, 4, 2, 6, 15, 0, 
10/4/2025 2:30:00 PM, 326, 2, 4, 67, 298, 2, 204, 40, 14, 4, 0, 8, 14, 0, 
10/4/2025 2:45:00 PM, 326, 2, 4, 67, 318, 2, 196, 66, 14, 4, 2, 9, 14, 0, 
10/4/2025 3:00:00 PM, 326, 2, 4, 66, 379, 4, 225, 67, 17, 13, 2, 10, 15, 0, 
10/4/2025 3:15:00 PM, 326, 2, 4, 67, 311, 4, 207, 61, 15, 1, 4, 8, 15, 0, 
10/4/2025 3:30:00 PM, 326, 2, 4, 60, 333, 2, 203, 60, 27, 14, 1, 11, 15, 0, 
10/4/2025 3:45:00 PM, 326, 2, 4, 18, 175, 4, 57, 62, 27, 18, 5, 38, 13, 0, 
10/4/2025 4:00:00 PM, 326, 2, 4, 55, 304, 6, 180, 62, 33, 13, 0, 12, 15, 0, 
10/4/2025 4:15:00 PM, 326, 2, 4, 66, 328, 4, 206, 60, 33, 7, 0, 8, 15, 0, 
10/4/2025 4:30:00 PM, 326, 2, 4, 66, 285, 5, 191, 39, 20, 6, 8, 11, 15, 0, 
10/4/2025 4:45:00 PM, 326, 2, 4, 64, 99, 7, 47, 17, 14, 10, 12, 11, 13, 0, 
10/4/2025 5:00:00 PM, 326, 2, 4, 65, 586, 14, 207, 79, 95, 115, 52, 32, 15, 0, 
10/4/2025 5:15:00 PM, 326, 2, 4, 65, 308, 12, 211, 49, 15, 7, 2, 9, 15, 0, 
10/4/2025 5:30:00 PM, 326, 2, 4, 65, 286, 10, 185, 41, 20, 5, 0, 7, 15, 0, 
10/4/2025 5:45:00 PM, 326, 2, 4, 64, 332, 6, 217, 53, 32, 7, 0, 9, 15, 0, 
10/4/2025 6:00:00 PM, 326, 2, 4, 62, 324, 6, 214, 47, 34, 7, 0, 9, 15, 0, 
10/4/2025 6:15:00 PM, 326, 2, 4, 65, 300, 8, 210, 49, 22, 9, 0, 8, 15, 0, 
10/4/2025 6:30:00 PM, 326, 2, 4, 66, 342, 16, 217, 46, 28, 12, 0, 9, 15, 0, 
10/4/2025 6:45:00 PM, 326, 2, 4, 64, 262, 2, 177, 38, 26, 6, 0, 8, 13, 0, 
10/4/2025 7:00:00 PM, 326, 2, 4, 67, 277, 5, 187, 50, 21, 4, 0, 7, 15, 0, 
10/4/2025 7:15:00 PM, 326, 2, 4, 64, 327, 3, 187, 74, 35, 20, 0, 10, 15, 0, 
10/4/2025 7:30:00 PM, 326, 2, 4, 66, 294, 4, 203, 40, 21, 0, 5, 8, 15, 0, 
10/4/2025 7:45:00 PM, 326, 2, 4, 65, 250, 4, 167, 46, 15, 8, 3, 8, 13, 0, 
10/4/2025 8:00:00 PM, 326, 2, 4, 67, 275, 6, 187, 56, 18, 2, 0, 7, 15, 0, 
10/4/2025 8:15:00 PM, 326, 2, 4, 67, 237, 0, 167, 36, 26, 6, 0, 6, 15, 0, 
10/4/2025 8:30:00 PM, 326, 2, 4, 68, 256, 4, 192, 32, 12, 10, 2, 6, 15, 0, 
10/4/2025 8:45:00 PM, 326, 2, 4, 67, 178, 0, 140, 30, 8, 2, 0, 5, 13, 0, 
10/4/2025 9:00:00 PM, 326, 2, 4, 67, 242, 0, 170, 41, 17, 14, 1, 7, 15, 0, 
10/4/2025 9:15:00 PM, 326, 2, 4, 67, 204, 0, 162, 27, 15, 6, 1, 5, 15, 0, 
10/4/2025 9:30:00 PM, 326, 2, 4, 67, 218, 0, 159, 37, 13, 2, 2, 5, 15, 0, 
10/4/2025 9:45:00 PM, 326, 2, 4, 67, 202, 0, 157, 37, 13, 2, 0, 5, 15, 0, 
10/4/2025 10:00:00 PM, 326, 2, 4, 68, 238, 8, 185, 28, 8, 2, 0, 5, 15, 0, 
10/4/2025 10:15:00 PM, 326, 2, 4, 68, 240, 0, 175, 48, 10, 4, 0, 6, 15, 0, 
10/4/2025 10:30:00 PM, 326, 2, 4, 67, 226, 2, 160, 41, 12, 6, 2, 6, 15, 0, 
10/4/2025 10:45:00 PM, 326, 2, 4, 68, 248, 4, 182, 33, 18, 6, 0, 6, 15, 0, 
10/4/2025 11:00:00 PM, 326, 2, 4, 66, 216, 0, 157, 45, 10, 5, 0, 6, 13, 0, 
10/4/2025 11:15:00 PM, 326, 2, 4, 66, 218, 2, 153, 37, 16, 9, 0, 6, 15, 0, 
10/4/2025 11:30:00 PM, 326, 2, 4, 67, 216, 0, 173, 27, 10, 2, 2, 5, 15, 0, 
10/4/2025 11:45:00 PM, 326, 2, 4, 68, 216, 2, 175, 35, 6, 0, 0, 5, 15, 0, 
10/5/2025 12:00:00 AM, 326, 2, 4, 66, 253, 0, 179, 35, 20, 4, 0, 6, 15, 0, 
10/5/2025 12:15:00 AM, 326, 2, 4, 66, 221, 4, 179, 15, 16, 2, 0, 5, 15, 0, 
10/5/2025 12:30:00 AM, 326, 2, 4, 66, 211, 4, 161, 29, 11, 3, 0, 5, 15, 0, 
10/5/2025 12:45:00 AM, 326, 2, 4, 69, 177, 2, 143, 29, 7, 1, 0, 4, 15, 0, 
10/5/2025 1:00:00 AM, 326, 2, 4, 70, 140, 0, 121, 17, 2, 0, 0, 3, 13, 0, 
10/5/2025 1:15:00 AM, 326, 2, 4, 67, 142, 0, 109, 31, 2, 0, 0, 3, 15, 0, 
10/5/2025 1:30:00 AM, 326, 2, 4, 69, 166, 2, 132, 27, 1, 4, 0, 3, 15, 0, 
10/5/2025 1:45:00 AM, 326, 2, 4, 68, 146, 2, 118, 23, 3, 0, 0, 3, 15, 0, 
10/5/2025 2:00:00 AM, 326, 2, 4, 67, 127, 2, 103, 14, 10, 0, 0, 3, 15, 0, 
10/5/2025 2:15:00 AM, 326, 2, 4, 68, 101, 0, 83, 16, 0, 2, 0, 2, 15, 0, 
10/5/2025 2:30:00 AM, 326, 2, 4, 67, 97, 2, 77, 18, 4, 0, 0, 2, 15, 0, 
10/5/2025 3:00:00 AM, 326, 2, 4, 69, 41, 2, 29, 4, 4, 2, 0, 2, 7, 0, 
10/5/2025 3:15:00 AM, 326, 2, 4, 67, 75, 0, 67, 6, 1, 0, 0, 1, 15, 0, 
10/5/2025 3:30:00 AM, 326, 2, 4, 68, 73, 0, 49, 14, 7, 0, 2, 1, 15, 0, 
10/5/2025 3:45:00 AM, 326, 2, 4, 68, 84, 0, 62, 14, 8, 0, 0, 2, 14, 0, 
10/5/2025 4:00:01 AM, 326, 2, 4, 66, 82, 0, 74, 6, 4, 0, 0, 2, 15, 0, 
10/5/2025 4:15:00 AM, 326, 2, 4, 70, 92, 0, 72, 16, 2, 2, 0, 2, 15, 0, 
10/5/2025 4:30:00 AM, 326, 2, 4, 68, 85, 2, 64, 15, 0, 2, 0, 2, 15, 0, 
10/5/2025 4:45:00 AM, 326, 2, 4, 69, 41, 0, 28, 11, 0, 2, 0, 0, 13, 0, 
10/5/2025 5:00:00 AM, 326, 2, 4, 68, 72, 2, 47, 11, 11, 0, 0, 1, 15, 0, 
10/5/2025 5:15:00 AM, 326, 2, 4, 68, 72, 0, 57, 13, 1, 4, 0, 2, 15, 0, 
10/5/2025 5:30:00 AM, 326, 2, 4, 65, 89, 2, 64, 13, 4, 4, 0, 2, 15, 0, 
10/5/2025 5:45:00 AM, 326, 2, 4, 69, 101, 0, 80, 19, 6, 2, 0, 2, 15, 0, 
10/5/2025 6:00:00 AM, 326, 2, 4, 66, 100, 0, 84, 13, 3, 0, 0, 3, 15, 0, 
10/5/2025 6:15:00 AM, 326, 2, 4, 69, 92, 0, 76, 15, 3, 2, 0, 2, 15, 0, 
10/5/2025 6:30:00 AM, 326, 2, 4, 68, 135, 0, 98, 21, 10, 2, 0, 3, 15, 0, 
10/5/2025 6:45:01 AM, 326, 2, 4, 69, 95, 0, 62, 25, 10, 2, 0, 2, 13, 0, 
10/5/2025 7:00:00 AM, 326, 2, 4, 68, 148, 2, 90, 33, 20, 2, 0, 4, 15, 0, 
10/5/2025 7:15:00 AM, 326, 2, 4, 70, 112, 0, 76, 25, 12, 4, 0, 3, 15, 0, 
10/5/2025 7:30:00 AM, 326, 2, 4, 71, 178, 2, 111, 36, 11, 9, 2, 4, 15, 0, 
10/5/2025 7:45:00 AM, 326, 2, 4, 70, 158, 0, 113, 30, 13, 1, 2, 4, 15, 0, 
10/5/2025 8:00:00 AM, 326, 2, 4, 71, 193, 0, 137, 41, 12, 7, 0, 4, 15, 0, 
10/5/2025 8:15:00 AM, 326, 2, 4, 69, 191, 2, 127, 35, 8, 13, 2, 5, 15, 0, 
10/5/2025 8:30:00 AM, 326, 2, 4, 69, 179, 2, 123, 26, 16, 11, 0, 4, 15, 0, 
10/5/2025 8:45:00 AM, 326, 2, 4, 69, 155, 0, 87, 38, 18, 9, 0, 4, 13, 0, 
10/5/2025 9:00:00 AM, 326, 2, 4, 69, 219, 4, 139, 36, 27, 10, 2, 6, 15, 0, 
10/5/2025 9:15:00 AM, 326, 2, 4, 69, 219, 4, 153, 40, 13, 8, 0, 5, 15, 0, 
10/5/2025 9:30:00 AM, 326, 2, 4, 68, 195, 2, 140, 33, 20, 0, 0, 4, 15, 0, 
10/5/2025 9:45:00 AM, 326, 2, 4, 68, 233, 4, 156, 49, 12, 6, 4, 6, 15, 0, 
10/5/2025 10:00:00 AM, 326, 2, 4, 68, 250, 5, 175, 37, 20, 5, 0, 6, 15, 0, 
10/5/2025 10:15:00 AM, 326, 2, 4, 68, 228, 13, 173, 31, 12, 7, 0, 5, 15, 0, 
10/5/2025 10:30:00 AM, 326, 2, 4, 69, 251, 4, 152, 55, 16, 13, 0, 6, 15, 0, 
10/5/2025 10:45:00 AM, 326, 2, 4, 71, 177, 2, 112, 43, 10, 9, 0, 5, 13, 0, 
10/5/2025 11:00:00 AM, 326, 2, 4, 69, 251, 3, 152, 66, 16, 7, 6, 8, 15, 0, 
10/5/2025 11:15:00 AM, 326, 2, 4, 68, 189, 15, 110, 16, 18, 9, 14, 13, 15, 0, 
10/5/2025 11:30:00 AM, 326, 2, 4, 69, 277, 2, 201, 20, 21, 6, 0, 6, 15, 0, 
10/5/2025 11:45:00 AM, 326, 2, 4, 68, 257, 12, 213, 10, 11, 4, 0, 5, 15, 0, 
10/5/2025 12:00:00 PM, 326, 2, 4, 70, 239, 9, 185, 15, 8, 7, 0, 5, 15, 0, 
10/5/2025 12:15:00 PM, 326, 2, 4, 68, 247, 5, 187, 17, 16, 7, 2, 5, 15, 0, 
10/5/2025 12:30:00 PM, 326, 2, 4, 69, 221, 14, 130, 5, 33, 21, 12, 11, 15, 0, 
10/5/2025 12:45:00 PM, 326, 2, 4, 70, 227, 4, 170, 23, 17, 7, 0, 6, 13, 0, 
10/5/2025 1:00:00 PM, 326, 2, 4, 69, 129, 10, 71, 17, 6, 5, 20, 8, 15, 0, 
10/5/2025 1:15:00 PM, 326, 2, 4, 70, 273, 6, 195, 39, 16, 9, 0, 7, 15, 0, 
10/5/2025 1:30:00 PM, 326, 2, 4, 68, 300, 7, 209, 54, 13, 12, 0, 8, 15, 0, 
10/5/2025 1:45:00 PM, 326, 2, 4, 68, 258, 9, 173, 38, 11, 8, 0, 7, 13, 0, 
10/5/2025 2:00:00 PM, 326, 2, 4, 68, 282, 2, 196, 32, 23, 9, 0, 7, 15, 0, 
10/5/2025 2:15:00 PM, 326, 2, 4, 69, 266, 0, 174, 52, 23, 7, 0, 6, 15, 0, 
10/5/2025 2:30:00 PM, 326, 2, 4, 67, 283, 3, 187, 50, 12, 15, 0, 7, 15, 0, 
10/5/2025 2:45:00 PM, 326, 2, 4, 70, 267, 11, 171, 50, 18, 11, 0, 7, 15, 0, 
10/5/2025 3:00:00 PM, 326, 2, 4, 68, 327, 6, 212, 55, 28, 5, 3, 8, 15, 0, 
10/5/2025 3:15:00 PM, 326, 2, 4, 69, 285, 0, 190, 51, 18, 5, 1, 8, 15, 0, 
10/5/2025 3:30:00 PM, 326, 2, 4, 67, 303, 6, 198, 39, 17, 7, 2, 8, 15, 0, 
10/5/2025 3:45:00 PM, 326, 2, 4, 67, 289, 4, 206, 39, 13, 9, 2, 8, 15, 0, 
10/5/2025 4:00:00 PM, 326, 2, 4, 67, 248, 2, 177, 41, 23, 6, 0, 8, 13, 0, 
10/5/2025 4:15:00 PM, 326, 2, 4, 68, 292, 2, 203, 45, 17, 14, 0, 8, 15, 0, 
10/5/2025 4:30:00 PM, 326, 2, 4, 68, 304, 6, 207, 44, 24, 6, 0, 7, 15, 0, 
10/5/2025 4:45:00 PM, 326, 2, 4, 69, 272, 4, 199, 40, 18, 8, 4, 7, 15, 0, 
10/5/2025 5:00:00 PM, 326, 2, 4, 68, 194, 8, 114, 18, 14, 10, 8, 10, 15, 0, 
10/5/2025 5:15:00 PM, 326, 2, 4, 67, 232, 4, 178, 22, 8, 2, 2, 6, 15, 0, 
10/5/2025 5:30:00 PM, 326, 2, 4, 66, 269, 8, 155, 36, 18, 18, 17, 13, 15, 0, 
10/5/2025 5:45:00 PM, 326, 2, 4, 67, 217, 12, 117, 12, 40, 22, 11, 10, 15, 0, 
10/5/2025 6:00:00 PM, 326, 2, 4, 68, 452, 20, 207, 67, 57, 29, 1, 13, 15, 0, 
10/5/2025 6:15:01 PM, 326, 2, 4, 68, 502, 12, 199, 77, 63, 37, 5, 16, 15, 0, 
10/5/2025 6:30:00 PM, 326, 2, 4, 68, 256, 6, 185, 41, 11, 9, 2, 6, 15, 0, 
10/5/2025 6:45:00 PM, 326, 2, 4, 67, 302, 4, 201, 61, 19, 11, 0, 7, 15, 0, 
10/5/2025 7:00:00 PM, 326, 2, 4, 65, 280, 0, 199, 37, 20, 13, 0, 8, 15, 0, 
10/5/2025 7:15:00 PM, 326, 2, 4, 66, 234, 6, 161, 39, 16, 11, 0, 6, 15, 0, 
10/5/2025 7:30:00 PM, 326, 2, 4, 67, 235, 6, 184, 27, 5, 0, 0, 5, 15, 0, 
10/5/2025 7:45:00 PM, 326, 2, 4, 68, 241, 2, 180, 41, 11, 2, 0, 5, 15, 0, 
10/5/2025 8:00:00 PM, 326, 2, 4, 65, 200, 2, 148, 33, 7, 6, 0, 6, 13, 0, 
10/5/2025 8:15:00 PM, 326, 2, 4, 68, 222, 0, 158, 47, 11, 4, 0, 5, 15, 0, 
10/5/2025 8:30:00 PM, 326, 2, 4, 68, 217, 3, 159, 35, 18, 2, 0, 5, 15, 0, 
10/5/2025 8:45:00 PM, 326, 2, 4, 68, 205, 1, 165, 39, 6, 2, 0, 5, 15, 0, 
10/5/2025 9:00:00 PM, 326, 2, 4, 68, 165, 4, 103, 33, 12, 10, 0, 5, 13, 0, 
10/5/2025 9:15:00 PM, 326, 2, 4, 67, 227, 4, 169, 29, 10, 6, 0, 5, 15, 0, 
10/5/2025 9:30:00 PM, 326, 2, 4, 68, 177, 0, 138, 34, 5, 0, 0, 4, 15, 0, 
10/5/2025 9:45:00 PM, 326, 2, 4, 67, 197, 4, 132, 44, 11, 2, 0, 4, 15, 0, 
10/5/2025 10:00:00 PM, 326, 2, 4, 68, 147, 1, 112, 24, 6, 0, 0, 3, 13, 0, 
10/5/2025 10:15:00 PM, 326, 2, 4, 68, 165, 7, 130, 24, 4, 2, 0, 4, 15, 0, 
10/5/2025 10:30:00 PM, 326, 2, 4, 68, 179, 6, 132, 23, 5, 8, 0, 4, 15, 0, 
10/5/2025 10:45:00 PM, 326, 2, 4, 69, 137, 2, 110, 17, 5, 4, 0, 3, 15, 0, 
10/5/2025 11:00:00 PM, 326, 2, 4, 68, 142, 0, 121, 21, 3, 3, 0, 4, 13, 0, 
10/5/2025 11:15:00 PM, 326, 2, 4, 69, 150, 0, 113, 31, 1, 5, 0, 4, 15, 0, 
10/5/2025 11:30:00 PM, 326, 2, 4, 68, 176, 0, 145, 13, 12, 6, 0, 4, 15, 0, 
10/5/2025 11:45:00 PM, 326, 2, 4, 69, 120, 2, 97, 21, 2, 0, 0, 2, 15, 0, 
10/6/2025 12:00:00 AM, 326, 2, 4, 70, 120, 2, 85, 18, 10, 4, 0, 3, 13, 0, 
10/6/2025 12:15:00 AM, 326, 2, 4, 70, 130, 6, 101, 16, 4, 0, 0, 2, 15, 0, 
10/6/2025 12:30:00 AM, 326, 2, 4, 70, 151, 0, 124, 21, 6, 0, 0, 3, 15, 0, 
10/6/2025 12:45:00 AM, 326, 2, 4, 68, 111, 2, 94, 5, 6, 4, 2, 2, 15, 0, 
10/6/2025 1:00:00 AM, 326, 2, 4, 71, 86, 0, 69, 15, 8, 0, 0, 1, 15, 0, 
10/6/2025 1:15:00 AM, 326, 2, 4, 68, 52, 0, 45, 7, 0, 0, 0, 1, 15, 0, 
10/6/2025 1:30:00 AM, 326, 2, 4, 66, 75, 2, 59, 10, 0, 2, 0, 1, 15, 0, 
10/6/2025 1:45:00 AM, 326, 2, 4, 68, 55, 0, 45, 6, 2, 2, 0, 1, 15, 0, 
10/6/2025 2:00:00 AM, 326, 2, 4, 71, 48, 0, 34, 10, 2, 2, 0, 1, 14, 0, 
10/6/2025 2:15:00 AM, 326, 2, 4, 68, 44, 0, 30, 10, 4, 0, 0, 1, 14, 0, 
10/6/2025 2:30:00 AM, 326, 2, 4, 70, 74, 2, 58, 6, 6, 0, 0, 1, 15, 0, 
10/6/2025 3:00:00 AM, 326, 2, 4, 69, 42, 0, 40, 2, 0, 0, 0, 2, 7, 0, 
10/6/2025 3:15:00 AM, 326, 2, 4, 70, 58, 4, 41, 12, 3, 0, 0, 1, 15, 0, 
10/6/2025 3:30:00 AM, 326, 2, 4, 68, 74, 0, 55, 14, 3, 0, 2, 1, 15, 0, 
10/6/2025 3:45:00 AM, 326, 2, 4, 64, 36, 0, 26, 7, 0, 2, 0, 1, 15, 0, 
10/6/2025 4:00:00 AM, 326, 2, 4, 69, 50, 1, 40, 4, 6, 1, 0, 1, 13, 0, 
10/6/2025 4:15:00 AM, 326, 2, 4, 67, 62, 1, 38, 18, 2, 3, 0, 1, 15, 0, 
10/6/2025 4:30:00 AM, 326, 2, 4, 69, 83, 0, 55, 18, 5, 8, 0, 2, 15, 0, 
10/6/2025 4:45:00 AM, 326, 2, 4, 68, 103, 2, 65, 24, 7, 6, 0, 2, 15, 0, 
10/6/2025 5:00:00 AM, 326, 2, 4, 69, 102, 0, 68, 19, 11, 2, 0, 3, 13, 0, 
10/6/2025 5:15:00 AM, 326, 2, 4, 69, 114, 0, 74, 23, 17, 0, 0, 3, 15, 0, 
10/6/2025 5:30:00 AM, 326, 2, 4, 69, 164, 0, 98, 37, 23, 4, 0, 4, 15, 0, 
10/6/2025 5:45:00 AM, 326, 2, 4, 67, 214, 0, 144, 53, 17, 6, 0, 5, 15, 0, 
10/6/2025 6:00:00 AM, 326, 2, 4, 67, 254, 6, 143, 62, 27, 10, 2, 7, 15, 0, 
10/6/2025 6:15:00 AM, 326, 2, 4, 66, 240, 0, 137, 72, 25, 12, 0, 7, 15, 0, 
10/6/2025 6:30:00 AM, 326, 2, 4, 68, 257, 4, 168, 51, 31, 2, 0, 6, 15, 0, 
10/6/2025 6:45:00 AM, 326, 2, 4, 66, 297, 4, 174, 67, 41, 14, 2, 9, 15, 0, 
10/6/2025 7:00:00 AM, 326, 2, 4, 66, 278, 4, 169, 50, 32, 12, 2, 9, 13, 0, 
10/6/2025 7:15:00 AM, 326, 2, 4, 66, 310, 6, 159, 68, 44, 16, 2, 9, 15, 0, 
10/6/2025 7:30:00 AM, 326, 2, 4, 66, 304, 6, 181, 62, 37, 17, 0, 8, 15, 0, 
10/6/2025 7:45:00 AM, 326, 2, 4, 65, 366, 14, 215, 62, 39, 13, 0, 10, 15, 0, 
10/6/2025 8:00:00 AM, 326, 2, 4, 65, 318, 9, 193, 57, 35, 11, 0, 10, 13, 0, 
10/6/2025 8:15:00 AM, 326, 2, 4, 67, 338, 7, 203, 67, 37, 7, 0, 9, 15, 0, 
10/6/2025 8:30:00 AM, 326, 2, 4, 66, 379, 4, 217, 74, 31, 10, 6, 11, 15, 0, 
10/6/2025 8:45:00 AM, 326, 2, 4, 67, 327, 4, 193, 62, 39, 20, 0, 9, 15, 0, 
10/6/2025 9:00:00 AM, 326, 2, 4, 66, 246, 0, 161, 50, 26, 4, 0, 8, 13, 0, 
10/6/2025 9:15:00 AM, 326, 2, 4, 67, 284, 4, 175, 52, 32, 16, 2, 8, 15, 0, 
10/6/2025 9:30:00 AM, 326, 2, 4, 67, 274, 9, 161, 57, 31, 13, 0, 8, 15, 0, 
10/6/2025 9:45:00 AM, 326, 2, 4, 66, 280, 1, 175, 55, 29, 9, 2, 8, 15, 0, 
10/6/2025 10:00:00 AM, 326, 2, 4, 67, 281, 4, 175, 57, 21, 7, 3, 9, 13, 0, 
10/6/2025 10:15:00 AM, 326, 2, 4, 67, 239, 10, 129, 61, 23, 13, 1, 6, 15, 0, 
10/6/2025 10:30:00 AM, 326, 2, 4, 67, 272, 10, 181, 37, 37, 8, 0, 7, 15, 0, 
10/6/2025 10:45:00 AM, 326, 2, 4, 67, 238, 4, 129, 71, 23, 12, 0, 6, 15, 0, 
10/6/2025 11:00:00 AM, 326, 2, 4, 68, 134, 2, 73, 35, 12, 9, 4, 5, 13, 0, 
10/6/2025 11:15:00 AM, 326, 2, 4, 66, 254, 10, 135, 45, 12, 23, 32, 24, 15, 0, 
10/6/2025 11:30:00 AM, 326, 2, 4, 67, 169, 16, 78, 15, 24, 13, 24, 14, 15, 0, 
10/6/2025 11:45:00 AM, 326, 2, 4, 67, 279, 14, 184, 13, 16, 15, 4, 8, 15, 0, 
10/6/2025 12:00:00 PM, 326, 2, 4, 67, 270, 23, 107, 22, 22, 30, 26, 21, 13, 0, 
10/6/2025 12:15:00 PM, 326, 2, 4, 68, 216, 7, 139, 36, 10, 6, 2, 5, 15, 0, 
10/6/2025 12:30:00 PM, 326, 2, 4, 68, 241, 13, 149, 25, 8, 6, 10, 13, 15, 0, 
10/6/2025 12:45:00 PM, 326, 2, 4, 66, 187, 5, 125, 45, 6, 4, 2, 9, 15, 0, 
10/6/2025 1:00:00 PM, 326, 2, 4, 68, 302, 6, 190, 52, 26, 10, 0, 8, 15, 0, 
10/6/2025 1:15:00 PM, 326, 2, 4, 68, 286, 6, 198, 52, 22, 6, 0, 7, 15, 0, 
10/6/2025 1:30:00 PM, 326, 2, 4, 67, 318, 4, 195, 88, 16, 10, 0, 8, 15, 0, 
10/6/2025 1:45:00 PM, 326, 2, 4, 67, 304, 10, 197, 56, 34, 4, 0, 8, 15, 0, 
10/6/2025 2:00:00 PM, 326, 2, 4, 67, 290, 1, 184, 64, 11, 6, 2, 7, 15, 0, 
10/6/2025 2:15:00 PM, 326, 2, 4, 66, 300, 1, 184, 54, 23, 10, 0, 9, 13, 0, 
10/6/2025 2:30:00 PM, 326, 2, 4, 66, 362, 6, 217, 68, 28, 6, 0, 9, 15, 0, 
10/6/2025 2:45:00 PM, 326, 2, 4, 65, 398, 8, 217, 102, 32, 4, 0, 11, 15, 0, 
10/6/2025 3:00:00 PM, 326, 2, 4, 64, 391, 9, 209, 84, 26, 15, 2, 11, 15, 0, 
10/6/2025 3:15:00 PM, 326, 2, 4, 65, 217, 7, 123, 42, 20, 5, 6, 10, 13, 0, 
10/6/2025 3:30:00 PM, 326, 2, 4, 64, 404, 6, 219, 78, 29, 13, 0, 11, 15, 0, 
10/6/2025 3:45:00 PM, 326, 2, 4, 66, 380, 6, 223, 78, 33, 11, 0, 10, 15, 0, 
10/6/2025 4:00:00 PM, 326, 2, 4, 64, 431, 9, 225, 65, 35, 12, 2, 12, 15, 0, 
10/6/2025 4:15:00 PM, 326, 2, 4, 60, 367, 5, 195, 81, 33, 6, 0, 13, 13, 0, 
10/6/2025 4:30:00 PM, 326, 2, 4, 35, 376, 8, 172, 104, 54, 13, 0, 25, 15, 0, 
10/6/2025 4:45:00 PM, 326, 2, 4, 23, 344, 8, 148, 108, 46, 33, 4, 36, 15, 0, 
10/6/2025 5:00:00 PM, 326, 2, 4, 21, 305, 12, 122, 85, 61, 16, 6, 37, 15, 0, 
10/6/2025 5:15:00 PM, 326, 2, 4, 22, 339, 12, 138, 121, 47, 16, 4, 35, 15, 0, 
10/6/2025 5:30:00 PM, 326, 2, 4, 22, 88, 4, 32, 26, 10, 16, 0, 9, 15, 0, 
3/31/2026 11:15:00 AM, 326, 2, 4, 64, 134, 2, 132, 0, 0, 0, 0, 11, 6, 0, 
3/31/2026 11:30:00 AM, 326, 2, 4, 64, 285, 3, 282, 0, 0, 0, 0, 8, 15, 0, 
3/31/2026 11:45:00 AM, 326, 2, 4, 65, 293, 7, 286, 0, 0, 0, 0, 8, 15, 0, 
3/31/2026 12:00:00 PM, 326, 2, 4, 64, 303, 6, 297, 0, 0, 0, 0, 9, 15, 0, 
3/31/2026 12:15:00 PM, 326, 2, 4, 65, 271, 8, 263, 0, 0, 0, 0, 7, 15, 0, 
3/31/2026 12:30:00 PM, 326, 2, 4, 64, 307, 3, 304, 0, 0, 0, 0, 8, 15, 0, 
3/31/2026 12:45:00 PM, 326, 2, 4, 65, 307, 7, 300, 0, 0, 0, 0, 8, 15, 0, 
3/31/2026 1:00:00 PM, 326, 2, 4, 64, 296, 6, 290, 0, 0, 0, 0, 8, 15, 0, 
3/31/2026 1:15:00 PM, 326, 2, 4, 65, 284, 4, 280, 0, 0, 0, 0, 8, 15, 0, 
3/31/2026 1:30:00 PM, 326, 2, 4, 64, 353, 4, 349, 0, 0, 0, 0, 10, 15, 0, 
3/31/2026 1:45:00 PM, 326, 2, 4, 64, 307, 10, 297, 0, 0, 0, 0, 9, 15, 0, 
3/31/2026 2:00:00 PM, 326, 2, 4, 63, 316, 10, 306, 0, 0, 0, 0, 9, 15, 0, 
3/31/2026 2:15:01 PM, 326, 2, 4, 63, 306, 2, 304, 0, 0, 0, 0, 8, 15, 0, 
3/31/2026 2:30:00 PM, 326, 2, 4, 52, 334, 18, 316, 0, 0, 0, 0, 16, 15, 0, 
3/31/2026 2:45:00 PM, 326, 2, 4, 58, 372, 16, 356, 0, 0, 0, 0, 12, 15, 0, 
3/31/2026 3:00:00 PM, 326, 2, 4, 31, 295, 4, 291, 0, 0, 0, 0, 28, 15, 0, 
3/31/2026 3:15:00 PM, 326, 2, 4, 18, 277, 0, 277, 0, 0, 0, 0, 37, 15, 0, 
3/31/2026 3:30:00 PM, 326, 2, 4, 17, 268, 6, 262, 0, 0, 0, 0, 39, 15, 0, 
3/31/2026 3:45:00 PM, 326, 2, 4, 33, 318, 4, 314, 0, 0, 0, 0, 20, 15, 0, 
3/31/2026 4:00:00 PM, 326, 2, 4, 61, 292, 35, 257, 0, 0, 0, 0, 7, 15, 0, 
3/31/2026 4:15:00 PM, 326, 2, 4, 60, 252, 19, 233, 0, 0, 0, 0, 7, 15, 0, 
3/31/2026 4:30:00 PM, 326, 2, 4, 58, 315, 64, 251, 0, 0, 0, 0, 8, 15, 0, 
3/31/2026 4:45:00 PM, 326, 2, 4, 58, 273, 58, 215, 0, 0, 0, 0, 8, 15, 0, 
3/31/2026 5:00:00 PM, 326, 2, 4, 43, 312, 70, 242, 0, 0, 0, 0, 13, 15, 0, 
3/31/2026 5:15:00 PM, 326, 2, 4, 46, 374, 14, 360, 0, 0, 0, 0, 14, 15, 0, 
3/31/2026 5:30:00 PM, 326, 2, 4, 32, 368, 8, 360, 0, 0, 0, 0, 24, 15, 0, 
3/31/2026 5:45:00 PM, 326, 2, 4, 42, 348, 10, 338, 0, 0, 0, 0, 17, 15, 0, 
3/31/2026 6:00:00 PM, 326, 2, 4, 61, 325, 1, 324, 0, 0, 0, 0, 9, 15, 0, 
3/31/2026 6:15:00 PM, 326, 2, 4, 62, 363, 5, 358, 0, 0, 0, 0, 10, 15, 0, 
3/31/2026 6:30:00 PM, 326, 2, 4, 62, 371, 1, 370, 0, 0, 0, 0, 11, 15, 0, 
3/31/2026 6:45:00 PM, 326, 2, 4, 62, 327, 11, 316, 0, 0, 0, 0, 9, 15, 0, 
3/31/2026 7:00:00 PM, 326, 2, 4, 63, 308, 9, 299, 0, 0, 0, 0, 8, 15, 0, 
3/31/2026 7:15:00 PM, 326, 2, 4, 64, 268, 5, 263, 0, 0, 0, 0, 7, 15, 0, 
3/31/2026 7:30:00 PM, 326, 2, 4, 63, 291, 4, 287, 0, 0, 0, 0, 8, 15, 0, 
3/31/2026 7:45:00 PM, 326, 2, 4, 64, 257, 10, 247, 0, 0, 0, 0, 7, 15, 0, 
3/31/2026 8:00:00 PM, 326, 2, 4, 64, 277, 3, 274, 0, 0, 0, 0, 7, 15, 0, 
3/31/2026 8:15:00 PM, 326, 2, 4, 63, 243, 3, 240, 0, 0, 0, 0, 7, 15, 0, 
3/31/2026 8:30:00 PM, 326, 2, 4, 65, 251, 4, 247, 0, 0, 0, 0, 7, 15, 0, 
3/31/2026 8:45:00 PM, 326, 2, 4, 65, 243, 6, 237, 0, 0, 0, 0, 6, 15, 0, 
3/31/2026 9:00:00 PM, 326, 2, 4, 66, 225, 2, 223, 0, 0, 0, 0, 5, 15, 0, 
3/31/2026 9:15:00 PM, 326, 2, 4, 66, 211, 2, 209, 0, 0, 0, 0, 5, 15, 0, 
3/31/2026 9:30:00 PM, 326, 2, 4, 67, 203, 0, 203, 0, 0, 0, 0, 5, 15, 0, 
3/31/2026 9:45:00 PM, 326, 2, 4, 66, 183, 4, 179, 0, 0, 0, 0, 4, 15, 0, 
3/31/2026 10:00:00 PM, 326, 2, 4, 67, 174, 8, 166, 0, 0, 0, 0, 4, 15, 0, 
3/31/2026 10:15:00 PM, 326, 2, 4, 66, 184, 2, 182, 0, 0, 0, 0, 4, 15, 0, 
3/31/2026 10:30:01 PM, 326, 2, 4, 66, 194, 0, 194, 0, 0, 0, 0, 4, 15, 0, 
3/31/2026 10:45:00 PM, 326, 2, 4, 66, 164, 2, 162, 0, 0, 0, 0, 3, 15, 0, 
3/31/2026 11:00:00 PM, 326, 2, 4, 67, 140, 0, 140, 0, 0, 0, 0, 3, 15, 0, 
3/31/2026 11:15:00 PM, 326, 2, 4, 66, 154, 0, 154, 0, 0, 0, 0, 4, 15, 0, 
3/31/2026 11:30:00 PM, 326, 2, 4, 67, 154, 2, 152, 0, 0, 0, 0, 3, 15, 0, 
3/31/2026 11:45:00 PM, 326, 2, 4, 68, 124, 2, 122, 0, 0, 0, 0, 2, 15, 0, 
4/1/2026 12:00:00 AM, 326, 2, 4, 67, 92, 0, 92, 0, 0, 0, 0, 2, 15, 0, 
